u,t,theta
"[-0.04048226307145421, 4.948463030911924, -0.252530545278896, -0.040482263071437846]",85.5076752860954,0.0
"[1.0227205659141667, 7.541244785907507, -0.10224079435125555, 1.022720565914395]",63.98639397103005,0.003143164235707647
"[-0.4576103321287374, 1.7000511130052096, -0.5256308545067662, -0.4576103321287355]",63.29526770669316,0.006286328471415294
"[0.22810341907777865, 14.993662036122535, -0.08878836131957667, 0.2281034190778672]",83.43090610489672,0.009429492707122941
"[0.00875230049249988, 7.26277258201551, -0.17878329660349904, 0.008752300492578288]",79.07671523498021,0.012572656942830588
"[0.30808406789854453, 19.69099119907326, -0.06724063723389671, 0.3080840678985494]",85.95688249522142,0.018858985414245882
"[-0.38917467334882366, 4.629235699770526, -0.2508442820107622, -0.3891746733487919]",96.50739586265864,0.02200214964995353
"[0.4439053637146994, 21.200109707040117, -0.060194729711860635, 0.44390536371476974]",87.07699702289979,0.02828847812136882
"[0.30385299292600965, 20.528820109221176, -0.0646519957419645, 0.30385299292608625]",96.2996771346577,0.03143164235707647
"[-0.37561710137298204, 1.0270504484209306, -0.6426947891877945, -0.3756171013729769]",70.99138808749773,0.03457480659278411
"[0.1714377650419685, 15.336801361944307, -0.08763024503867417, 0.17143776504214356]",97.7436262122157,0.037717970828491765
"[1.1973723432834051, 23.80707267042562, -0.027789659785738333, 1.1973723432836918]",92.58134595756931,0.04086113506419941
"[-0.6668513241465528, 2.336111382707525, -0.3666609734243414, -0.6668513241465007]",83.99271011147151,0.047147463535614706
"[0.44289255252620086, 16.45341563426144, -0.07683127481475961, 0.442892552526422]",86.04443526601905,0.05029062777132235
"[-1.125820955818344, 0.20707936968724114, 0.39574009645850905, -1.125820955818344]",75.78568869619207,0.05343379200703
"[0.8450516648984837, 0.02394795201571712, 2.6677422298613407, 0.8450516648986417]",79.92817439891914,0.05657695624273764
"[-0.5086773853020354, 3.5544276993773627, -0.29762418490504383, -0.5086773853019079]",95.104369367288,0.05972012047844529
"[0.5059421441641329, 33.993408746653955, -0.037162781897128405, 0.5059421441645523]",93.83840414165564,0.06286328471415294
"[0.764394901177274, 46.97296037232614, -0.023563398425269878, 0.7643949011775663]",93.59683533501493,0.06600644894986059
"[0.9189903432316193, 55.02211552681118, -0.017805847583041087, 0.9189903432330271]",93.4499909921661,0.06914961318556823
"[1.0148348055428416, 60.05364957776936, -0.014795363565925628, 1.0148348055429008]",93.34364150055042,0.07229277742127588
"[1.0703954350937122, 62.95501416151292, -0.0132051793373163, 1.0703954350946867]",93.26144250899398,0.07543594165698353
"[1.0966480086338157, 64.28930955683899, -0.012493640098512719, 1.0966480086343349]",93.1963986467064,0.07857910589269117
"[1.101213108997695, 64.4612925828145, -0.01238310401253586, 1.1012131090015482]",93.1448075780854,0.08172227012839882
"[1.089687904374897, 63.77370641179414, -0.0127120271367325, 1.0896879043779313]",93.10438717913539,0.08486543436410646
"[1.0662363103369186, 62.45403434519566, -0.013380247964705452, 1.0662363103415258]",93.07357828512609,0.08800859859981412
"[1.0339397084068707, 60.67171466787086, -0.014324756592636231, 1.0339397084072595]",93.05125158087569,0.09115176283552176
"[0.995047261865933, 58.55118626358842, -0.01550753389970728, 0.9950472618681051]",93.03657381991535,0.09429492707122941
"[0.9511674577977032, 56.182245989362606, -0.016909024519475038, 0.9511674577986521]",93.0289416330157,0.09743809130693705
"[0.9034132697687494, 53.62809965313677, -0.01852480407375292, 0.9034132697694868]",93.0279477364184,0.1005812555426447
"[0.8525105227006015, 50.93153076150775, -0.020364387152251334, 0.8525105227008852]",93.03336646754717,0.10372441977835235
"[0.7988735184318431, 48.11940156311205, -0.022451952918026662, 0.7988735184328647]",93.04515391299984,0.10686758401406
"[0.7426533894825325, 45.205834836253985, -0.024829184803833605, 0.7426533894840253]",93.06346285158718,0.11001074824976764
"[0.6837557432636918, 42.194022187648336, -0.027561321022949697, 0.6837557432643018]",93.08867897236226,0.11315391248547528
"[0.621830050940457, 39.07702503788151, -0.03074825975741078, 0.6218300509409441]",93.12148761862922,0.11629707672118293
"[0.5562130453385471, 35.83712055600789, -0.0345455011598618, 0.556213045338813]",93.16299662583305,0.11944024095689058
"[0.4857996488111013, 32.44336320427675, -0.03920526735656041, 0.48579964881119353]",93.21496430546259,0.12258340519259824
"[0.40876386045904517, 28.845919131439068, -0.04516464990541793, 0.4087638604593486]",93.28025360212298,0.12572656942830587
"[0.32192096375813734, 24.96370945768482, -0.05325939446126048, 0.3219209637582147]",93.3638367810049,0.12886973366401352
"[0.21903961328794885, 20.655107636631985, -0.06534672030215473, 0.21903961328815344]",93.47541091462877,0.13201289789972118
"[0.08501120432257159, 15.63330868386552, -0.08675100829645027, 0.08501120432274724]",93.63830184703784,0.13515606213542883
"[-0.13989118623417257, 9.092701676539555, -0.144153584716785, -0.13989118623410277]",93.94236247976363,0.13829922637113645
"[-0.24829995868492488, 0.9389664448101464, -0.640156501222994, -0.24829995868492205]",93.90343562993799,0.1414423906068441
"[-0.14643367845484587, -0.009584865116344935, 5.2063796707742505, -0.14643367845513885]",78.98589405658971,0.14458555484255176
"[0.5837458918105648, 19.411841057500354, -0.061820539964383296, 0.5837458918108543]",92.8650126331545,0.1477287190782594
"[-0.26172575080975036, 5.056041863011087, -0.24086649806811272, -0.2617257508097374]",93.39980874802126,0.15087188331396706
"[0.6682510870436904, 28.05244189228211, -0.04142043251564242, 0.6682510870437982]",92.23914069205233,0.15401504754967468
"[0.34818363985851686, 19.44253912232728, -0.06739039130325705, 0.34818363985876694]",92.669971974133,0.15715821178538233
"[-0.3228730747319725, 5.086697315922948, -0.23592638212314102, -0.3228730747319299]",97.22704570674144,0.16030137602109001
"[1.0368765091980874, 47.46463889983045, -0.01815131778064353, 1.0368765091983319]",91.86503455428279,0.16344454025679764
"[0.8742834440093101, 24.312588702736363, -0.041030478088761986, 0.8742834440094215]",81.73834861686892,0.1697308687282129
"[0.24287240644417935, 18.70984115463443, -0.07160075392734945, 0.24287240644426566]",92.76674241292015,0.1728740329639206
"[0.5612196657744112, 20.792116347983015, -0.05849130900379273, 0.5612196657744132]",88.27914547900797,0.17601719719962824
"[0.7340160959682224, 2.5634992216092396, -0.32458717482487737, 0.7340160959682364]",68.05740901108102,0.17916036143533587
"[1.0694591570576526, 14.371127761932101, -0.05429196520675195, 1.069459157057779]",79.30300838979721,0.18230352567104352
"[1.210795574562076, 8.44137320556595, -0.06777858751685874, 1.2107955745621892]",77.14236946477583,0.18544668990675117
"[0.8138992881424353, 23.032353291768896, -0.04543315509585299, 0.8138992881427712]",93.95436727885256,0.18858985414245882
"[0.33631838483749077, 9.65343460035262, -0.13141869686649124, 0.3363183848375724]",90.85890959212432,0.19173301837816648
"[0.9091063170756666, 6.638208919332151, -0.13050006557315613, 0.9091063170757183]",56.73821152601191,0.1948761826138741
"[0.5752492386306187, 4.309931976863033, -0.24490060050550683, 0.5752492386306479]",75.88090185710648,0.19801934684958175
"[0.32776224059319525, 20.189958767603915, -0.06532486314374737, 0.32776224059326553]",95.88817770424727,0.2011625110852894
"[0.7666711457447134, 41.566282136050226, -0.026521655596368002, 0.7666711457465375]",93.8996507685216,0.20430567532099703
"[0.13788472483206668, 15.993011716905158, -0.08450937168908632, 0.13788472483216763]",97.984594841422,0.2074488395567047
"[0.2894268068575048, 0.19675768967089416, 0.8263302047584631, 0.289426806857541]",74.81213378340799,0.21059200379241236
"[0.4881483338120443, 20.54660780640678, -0.06103544597200758, 0.48814833381211464]",96.26322129644817,0.21687833226382763
"[0.05007329892141828, 14.483019413649282, -0.09349551575821996, 0.05007329892144068]",97.22381728814415,0.22002149649953529
"[0.5129350679114036, 33.819979532777346, -0.037243650546612814, 0.5129350679117648]",96.74622537380029,0.22316466073524294
"[0.7728969690576752, 46.87738118359423, -0.02347106387949428, 0.7728969690580334]",96.61727496786993,0.22630782497095056
"[0.9474788811606403, 56.13729958201129, -0.016984708071455266, 0.9474788811627655]",96.62040354820914,0.2294509892066582
"[0.9974861401800615, 58.99057688733291, -0.015352952229868856, 0.9974861401829184]",96.73575365754044,0.23259415344236586
"[0.7930395349617634, 48.40814947975895, -0.022416498189410737, 0.7930395349621199]",97.00516388818677,0.23573731767807354
"[0.7876321467596925, 0.5848538427315431, -0.1374678892617192, 0.7876321467597405]",74.69442693221872,0.24516681038519647
"[0.8841948089032797, 2.9075939658838177, -0.25259485282052924, 0.8841948089035226]",97.55838914273012,0.2483099746209041
"[-0.0772647060919241, 4.671941726609201, -0.265184626330108, -0.07726470609187604]",97.58048562793992,0.25145313885661175
"[0.6946100733727562, 29.13881795314059, -0.0393023923246575, 0.6946100733728442]",93.00175670057357,0.2608826315637347
"[0.6196403513469734, 14.490809904874675, -0.08021081836947135, 0.6196403513470118]",72.37821869193382,0.26402579579944235
"[-0.12479293983718434, -0.0797086818687132, 3.5744145306014414, -0.1247929398372156]",57.630686679317044,0.26716896003515
"[0.07225019750449581, 7.6858824539668715, -0.16937632930547278, 0.07225019750449664]",92.01526900672225,0.27031212427085766
"[0.0897046679058457, 8.637822105699778, -0.15187503808122588, 0.0897046679059233]",79.92491464513881,0.2734552885065653
"[0.26368550850792427, 16.187313379403495, -0.08196818099894553, 0.26368550850810757]",79.81036742666511,0.27974161697798056
"[0.6514137749053461, 5.418297670753939, -0.19261093349522182, 0.6514137749053488]",59.68369257618206,0.28602794544939586
"[0.2161945986819678, 11.374536960001821, -0.11565059432882571, 0.21619459868219199]",85.84959446040101,0.2891711096851035
"[1.2519283442944174, 8.473547824951188, -0.06155718021411825, 1.2519283442944633]",67.96962780393751,0.2954574381565188
"[0.09692045012932037, 6.11773253418039, -0.20822930654420788, 0.09692045012932614]",81.31846969995131,0.29860060239222647
"[1.0108211900735942, 20.402251421956564, -0.042204463021295456, 1.010821190073619]",72.6128302972068,0.3017437666279341
"[0.3205766305874628, 16.120214347067716, -0.08125910926299927, 0.3205766305876064]",83.6964552491573,0.3174595878064724
"[0.9816265912345078, 20.24775102367511, -0.04394807298504291, 0.9816265912349171]",74.65796204634654,0.32060275204218003
"[0.34935742469169007, 11.10336823003081, -0.11488532753669312, 0.3493574246917488]",84.14320755974045,0.3237459162778876
"[-0.1516124084307884, 1.9666811687802934, -0.5358735297842802, -0.1516124084307475]",84.56110970477788,0.3268890805135953
"[-0.09749670852976576, 8.761894388771752, -0.14979186362290717, -0.09749670852938362]",85.3827688734748,0.3300322447493029
"[0.11334659809430847, 13.917250894170895, -0.09674575151940727, 0.11334659809442778]",85.11366905638735,0.3331754089850106
"[0.21340293210348749, 16.881774400810368, -0.0794449196165567, 0.21340293210372538]",84.99769810596244,0.33631857322071823
"[0.27096513650236737, 18.710957080710074, -0.0712094802948234, 0.27096513650251375]",84.93501784941458,0.3394617374564258
"[0.30481234212993585, 19.82303460260289, -0.0668590695306549, 0.3048123421299879]",84.90024570469677,0.3426049016921335
"[0.3232441845006104, 20.43900202676827, -0.06462812650932238, 0.32324418450078485]",84.88325965737644,0.3457480659278412
"[0.33038254658147514, 20.679583441992136, -0.06378834968906999, 0.3303825465817342]",84.87941040238394,0.34889123016354884
"[0.32798267859259034, 20.599031621968393, -0.06406783468582442, 0.32798267859274244]",84.886768247002,0.3520343943992565
"[0.316114984449112, 20.20098468289399, -0.065476633656478, 0.3161149844492583]",84.90519527812626,0.3551775586349641
"[0.2934007500648205, 19.446769315462713, -0.0682829914392639, 0.29340075006500543]",84.93615243178623,0.35832072287067174
"[0.25686724188790777, 18.25716126950915, -0.07311806285299816, 0.25686724188791893]",84.98311795718875,0.3614638871063794
"[0.20106257331639604, 16.502417473648617, -0.08135300058914371, 0.20106257331660776]",85.05315531652325,0.36460705134208704
"[0.11488313512744203, 13.962040300397371, -0.0964371954944991, 0.11488313512758541]",85.16198907031557,0.3677502155777947
"[-0.032958382040584155, 10.168840245494271, -0.13076647979299932, -0.03295838204014399]",85.35616735938778,0.37089337981350234
"[-0.5231570899192707, 3.1674437153543815, -0.3239511696080487, -0.5231570899192451]",86.00139604989803,0.37403654404921
"[-0.37003854694914917, -0.7652033127287, 1.2231753810898343, -0.37003854694914406]",73.08052585295088,0.37717970828491765
"[0.5746599862211623, 6.468083280413462, -0.1725488892264942, 0.5746599862211871]",71.4657039050231,0.3803228725206253
"[0.39687340779492297, 8.712597689222962, -0.14195353781859152, 0.3968734077949798]",71.45725156348021,0.38346603675633295
"[0.1354270907097104, 7.680872876540372, -0.16860667256495646, 0.13542709070977046]",72.1615391457562,0.38660920099204055
"[0.41450484670438353, 12.388392607545585, -0.10159673175789459, 0.4145048467044462]",71.18605538956506,0.3897523652277482
"[1.0396405766923715, 0.29615858838014797, 0.500009719320463, 1.0396405766923849]",50.179896834339075,0.3928955294634559
"[-0.3213409021257543, 0.7935021621289307, -0.3724346753271428, -0.3213409021257533]",56.12468258472334,0.41175451487770176
"[-0.7793491403728077, 0.5970610055150768, -0.06416001258935838, -0.7793491403728058]",71.32562069619367,0.4148976791134094
"[0.7914989147988026, 6.462532034657209, -0.1492600139521272, 0.79149891479883]",64.91871898340894,0.418040843349117
"[1.4200474438509287, 0.19944812895442685, 0.7009193785184865, 1.4200474438509476]",64.76604256467337,0.42747033605624
"[0.9454803377616832, 0.5384215901055696, 0.03178575752458902, 0.9454803377616887]",50.54513192112119,0.4306135002919476
"[0.7002927624730534, 2.3112560897353878, -0.3592636032410061, 0.7002927624730716]",71.41626426643226,0.43375666452765527
"[-0.028645902461558813, 7.070593442127394, -0.18317571663930957, -0.0286459024615305]",71.71814988248559,0.43689982876336286
"[0.9308447258966313, 25.058399050593703, -0.037815857864934264, 0.9308447258968229]",70.40805209466019,0.44004299299907057
"[-0.006969779460278034, 3.518055914487109, -0.33973864115851465, -0.006969779460269605]",73.909674391647,0.4431861572347783
"[0.4442141507365685, 6.42585527071116, -0.1841529663507208, 0.4442141507366211]",74.98848967197522,0.4463293214704859
"[-0.3078628518760435, 3.9946060064693008, -0.292100954536513, -0.30786285187604023]",68.18492823252406,0.4589019784133164
"[0.1711344217394464, 10.001927690954831, -0.13138479055580854, 0.1711344217394792]",67.61925765332164,0.46204514264902413
"[0.28750943768217807, 11.994019679649643, -0.10849154417014491, 0.28750943768229487]",67.50309422024579,0.46518830688473173
"[0.003133765205355742, 9.823260649301176, -0.13512925799472728, 0.0031337652053880106]",80.40347849314436,0.4683314711204394
"[0.7207141550591005, 2.316518237409688, -0.35180192064255267, 0.7207141550591127]",77.40815863174646,0.4714746353561471
"[0.8945543615414463, 30.6708802268295, -0.03220700854527888, 0.8945543615414636]",77.24085654372985,0.4746177995918547
"[0.6785337525762738, 5.4074626798350875, -0.1895060047925518, 0.6785337525763467]",54.925909370916784,0.47776096382756233
"[0.804302493252146, -0.05325391945866793, 2.677646887611458, 0.8043024932519038]",48.83920613959297,0.48404729229897764
"[0.5666005608478736, 8.96463665546301, -0.12901662836048897, 0.5666005608478881]",65.4826539766592,0.48719045653468523
"[0.6813899296141097, 5.706698146208504, -0.18059094383747923, 0.6813899296142509]",55.31875686348731,0.49033362077039294
"[-0.14087105968553432, 2.4778169864174235, -0.4490523117605924, -0.1408710596855267]",56.384639582756954,0.4966199492418082
"[0.9551523209467204, 6.856220359769219, -0.12060448135432816, 0.9551523209473824]",55.45806379329247,0.4997631134775159
"[0.6838613208560432, 5.12075837089544, -0.19776874719711188, 0.6838613208560725]",59.122679779043835,0.5311947558345923
"[0.3730581389621876, 0.1387280869598395, 0.8220572368296883, 0.37305813896219847]",48.562744743906954,0.5343379200703
"[1.0965875507506258, 0.49216278799043006, 0.18202626543595946, 1.096587550750654]",48.917701758472994,0.5437674127774229
"[0.023017279305426838, 4.795658660443453, -0.2597484074756356, 0.023017279305443394]",63.95639146541858,0.5500537412488382
"[-0.8617573319979522, -0.2485701390739029, 0.9311181089759466, -0.8617573319979406]",77.26593206730671,0.5531969054845458
"[-0.07601419090219413, 7.34141728888247, -0.1766285234406531, -0.0760141909021736]",74.31913489838489,0.5563400697202535
"[0.24486145111096566, 8.85520177495798, -0.14543165876909991, 0.2448614511114419]",61.34944245769385,0.5594832339559611
"[0.24468174972735415, 8.882372004611533, -0.14502380268129544, 0.24468174972739]",61.36007030262515,0.5626263981916688
"[0.16684284229990098, 7.916727500364663, -0.1633628733523215, 0.1668428422999761]",61.44161584629621,0.5657695624273764
"[0.015884488962741947, 6.195473396051685, -0.20662612413479653, 0.015884488962761248]",61.60521993536826,0.5689127266630841
"[-0.290117883382819, 3.5597924199441726, -0.32358289047443817, -0.2901178833828167]",61.968510646912684,0.5720558908987917
"[-0.1692988693445192, 5.49599142122368, -0.22746461618168723, -0.16929886934448168]",79.36948739226465,0.5846285478416223
"[0.07741645057886988, 7.459427955986358, -0.17404685398011077, 0.07741645057894611]",79.27469918040619,0.5877717120773299
"[0.15745133276581538, -0.8796834823427035, 0.983887104164022, 0.15745133276583095]",57.047384529128635,0.5909148763130376
"[1.0434495938442, 0.36799314813415135, 0.35630021170388415, 1.0434495938442292]",55.96459446761232,0.5940580405487452
"[-0.092546660826497, -0.24912413661083915, 2.1358143745492604, -0.09254666082653316]",72.81153528367597,0.5972012047844529
"[0.5894842956868306, 21.696136569888363, -0.05538874404551566, 0.5894842956870107]",80.89219560408037,0.6003443690201605
"[0.3985535887259186, 12.241900553345754, -0.10327732224186041, 0.39855358872594204]",76.46571102610875,0.6066306974915759
"[0.8449751158869887, 11.664634790041708, -0.08410808407195078, 0.8449751158873766]",76.18936724619344,0.6097738617272835
"[0.019150968441074907, 8.761952935063166, -0.15032078389651274, 0.01915096844113155]",77.71285313987357,0.6129170259629911
"[0.4009660751789442, 16.801609504883583, -0.0763643828189025, 0.40096607517900407]",77.25269159848808,0.6160601901986987
"[0.5988715361716868, 21.838773986542243, -0.05478383692375958, 0.5988715361718355]",77.07903776169096,0.6192033544344064
"[0.7295437073893078, 25.38469573870584, -0.04394284696389491, 0.7295437073899087]",76.99423159903738,0.622346518670114
"[0.8165310069504661, 27.824834656879897, -0.037787558185972236, 0.8165310069507139]",76.9517330378224,0.6254896829058217
"[0.8693447321018222, 29.334855281411738, -0.03438366942952705, 0.8693447321019494]",76.93105144549338,0.6286328471415293
"[0.8932546677685507, 30.025417522502106, -0.03291552316299348, 0.8932546677687979]",76.9215008366048,0.631776011377237
"[0.8911070474419962, 29.96321285184417, -0.033045641151535375, 0.8911070474424936]",76.91836908576855,0.6349191756129448
"[0.8634145580296302, 29.164251161616818, -0.034754578974954424, 0.8634145580304012]",76.9218535837568,0.6380623398486523
"[0.8086509739740643, 27.601351003724226, -0.03831569950705282, 0.8086509739740758]",76.93663985933026,0.6412055040843601
"[0.7233443420342478, 25.213107481773477, -0.0444107105806455, 0.7233443420345966]",76.97217237778587,0.6443486683200677
"[0.6009826501569638, 21.894811247080913, -0.054590645438277546, 0.6009826501573885]",77.04498259166034,0.6474918325557752
"[0.425469743899775, 17.399780474786162, -0.07326136751249572, 0.4254697438999346]",77.18901297308167,0.6506349967914828
"[0.13299445806207263, 10.86924141949694, -0.12205742038472514, 0.13299445806210888]",77.51581763099593,0.6537781610271906
"[-0.1624560157183524, 1.9625063488148293, -0.5356367933791154, -0.16245601571835042]",76.91038825422683,0.6569213252628981
"[1.046712254098769, 20.916410616440505, -0.039453906519015786, 1.046712254098833]",75.85913474932012,0.6600644894986059
"[1.153795356740896, -0.0392898588652927, 0.9325097721163357, 1.153795356740903]",53.97280601978282,0.6632076537343136
"[0.24472458945573194, 3.3294002472517468, -0.3461742379165357, 0.2447245894559525]",71.69053954723084,0.6663508179700212
"[0.7296826444051722, 25.51100175234891, -0.04372857570053068, 0.7296826444052673]",80.75311500623556,0.6694939822057289
"[-0.2947310417465892, 0.799913166222186, -0.38993210657367244, -0.29473104174658554]",57.458150438840555,0.6757803106771441
"[-0.2277293675328166, -0.05425203558573025, 4.939335990122796, -0.22772936753331718]",56.62499507805186,0.6820666391485594
"[-0.6718286879522152, 1.8877129077438444, -0.416587522111743, -0.6718286879522105]",79.78596760704536,0.685209803384267
"[0.40363636534305813, 15.365863910791, -0.08310350001176466, 0.40363636534310965]",78.86137378827904,0.6883529676199747
"[-0.6193568391479062, -0.5448138323582037, 1.2011177779289701, -0.6193568391479035]",61.67819017515832,0.704068788798513
"[-0.343860803946717, 3.2232617560392867, -0.3456748496398612, -0.3438608039466959]",61.87614445369723,0.7072119530342206
"[-0.08462771891776588, 5.195230516047917, -0.2413045933603279, -0.08462771891775243]",61.56206964816796,0.7103551172699282
"[0.05547182335007193, 6.623046578341036, -0.1942643156083552, 0.05547182335012147]",61.39498204786359,0.7134982815056359
"[0.14923610413806593, 7.704082305409806, -0.16787895714946102, 0.14923610413810992]",61.28831553284751,0.7166414457413435
"[0.21234368838381915, 8.477790987980027, -0.15231174624608784, 0.21234368838385692]",61.2171161180846,0.7197846099770512
"[0.24829994005950493, 8.927178839493722, -0.1442465868769988, 0.24829994006016926]",61.17281785788189,0.7229277742127588
"[0.2549225943643179, 8.996218382215131, -0.14303036929595175, 0.2549225943643467]",61.15488775379081,0.7260709384484665
"[0.22449096269768004, 8.582985273795856, -0.15026806188359282, 0.22449096269797314]",61.170916178902154,0.7292141026841741
"[-0.022380234707022488, 8.201821650459165, -0.15981080267767553, -0.022380234706848138]",74.05209869711435,0.7323572669198818
"[-0.9425319945847063, 1.29094149490505, -0.3041756605741436, -0.9425319945846958]",74.84815237579325,0.7355004311555894
"[-0.2746940365787999, 0.8581238100701284, -0.5114302517461171, -0.274694036578798]",72.8498330560763,0.738643595391297
"[0.4121307389384332, 7.7930188188775285, -0.15646592530737805, 0.41213073893844965]",62.622571709573904,0.7449299238627123
"[0.016189062458060555, -0.824701229663307, 1.086711213322499, 0.016189062458061176]",70.20606867278869,0.74807308809842
"[-0.04107477320756279, 0.7356988220874057, -0.303642821122552, -0.04107477320755971]",57.23069024044022,0.7512162523341276
"[-0.22000866900084484, 4.265602519756728, -0.28187810115834633, -0.2200086690008419]",71.37410013799706,0.7543594165698353
"[0.1244264224086423, 0.03667792919088988, 1.5969096210819436, 0.12442642240866215]",48.10258081659979,0.7575025808055429
"[0.3710179107014598, 0.12218784578139659, 0.8521539544552965, 0.3710179107014767]",48.3094423056488,0.7763615662197888
"[0.24130254488681652, -0.0632432587077131, 1.2971789484831404, 0.24130254488681885]",48.514148254968866,0.7795047304554964
"[1.0839655292574397, 7.517730374495433, -0.093835623788342, 1.0839655292574757]",62.540280482081975,0.7826478946912041
"[0.2751747817623561, 2.185897867910041, -0.48088613290004556, 0.27517478176236565]",62.150398209299624,0.7857910589269118
"[0.576438205449617, 13.3902504626533, -0.08836163725165226, 0.576438205449773]",67.75390999344974,0.8863723144695566
"[0.661768275239762, 14.732085037038152, -0.07712552280824118, 0.661768275239841]",67.7113016075074,0.8895154787052642
"[0.8488439370645665, 6.1962628098495545, -0.14701819922288478, 0.8488439370645728]",55.004956320484524,0.8926586429409717
"[0.9017074739030214, 6.511181973351288, -0.1336997384286237, 0.9017074739031963]",55.009111565631954,0.8958018071766793
"[0.9445076036413579, 6.784145509594599, -0.1231973517141031, 0.9445076036415702]",55.0210689073171,0.898944971412387
"[0.9753947913342761, 7.0020427809336825, -0.1156461802810154, 0.9753947913346196]",55.03999455481565,0.9020881356480946
"[0.9929493839127965, 7.153604675590723, -0.11112494602950357, 0.9929493839129327]",55.06481213002174,0.9052312998838022
"[0.9965095828206829, 7.231532188775541, -0.10961758893675957, 0.9965095828208769]",55.094229446117694,0.9083744641195101
"[0.9864365591221083, 7.234411459326093, -0.11097907929066189, 0.986436559122225]",55.12680420725326,0.9115176283552177
"[0.9642231990944466, 7.167740343287406, -0.1149143981985044, 0.9642231990947748]",55.1610283434069,0.9146607925909253
"[0.9324271303814348, 7.043769363099666, -0.12096962867030393, 0.9324271303815282]",55.19538766923289,0.9178039568266328
"[0.8944563095598248, 6.880249100075462, -0.12853273227918557, 0.894456309559915]",55.228390379535654,0.9209471210623407
"[0.8542314163538747, 6.698274255588998, -0.13685161472761054, 0.8542314163539315]",55.258583648127804,0.9240902852980483
"[0.8159042376797694, 6.520242986233484, -0.14505045675284903, 0.8159042376797996]",55.28448177613521,0.9272334495337559
"[0.7834639803477109, 6.367419285867497, -0.152196174099557, 0.7834639803478143]",55.304619054700126,0.9303766137694635
"[0.7603716524565088, 6.257864461298659, -0.15739968119450728, 0.760371652456578]",55.317635460081604,0.9335197780051712
"[0.7492642643424255, 6.20500879217508, -0.159937769426696, 0.7492642643424866]",55.32239837979032,0.9366629422408788
"[0.7515086770952706, 6.215695969880397, -0.1594230504307352, 0.7515086770953768]",55.31828230458473,0.9398061064765864
"[0.7670386453102933, 6.28954480656306, -0.155887276468246, 0.7670386453103579]",55.30527271870174,0.9429492707122942
"[0.7943406235228617, 6.418822584502217, -0.14977912284870018, 0.7943406235229223]",55.28395518394845,0.9460924349480018
"[0.8305457875641519, 6.588646520802067, -0.14188733622609948, 0.8305457875646255]",55.25542356002667,0.9492355991837094
"[0.8717959507518869, 6.778516272432759, -0.13318248526578583, 0.871795950751953]",55.221037346285875,0.952378763419417
"[0.9135418942756535, 6.963811017546456, -0.12469324746710164, 0.9135418942758079]",55.18231557496991,0.9555219276551247
"[0.9509572035073645, 7.118259076270454, -0.11740163080261819, 0.9509572035074194]",55.140875625651844,0.9586650918908323
"[0.9794131144281749, 7.217040160273279, -0.11217413989240682, 0.9794131144281997]",55.09842772830432,0.9618082561265399
"[0.9949446766585445, 7.239990603875744, -0.10972746797837239, 0.9949446766585633]",55.05683781491764,0.9649514203622477
"[0.9947419375148318, 7.1746598693962165, -0.11059836147131892, 0.9947419375151353]",55.018099731895006,0.9680945845979553
"[0.9774631022603026, 7.017969908098716, -0.11513298611954605, 0.977463102260461]",54.984258972263625,0.9712377488336629
"[0.9432865083051587, 6.776017424687334, -0.12349489194900244, 0.9432865083051956]",54.95729421743457,0.9743809130693705
"[0.8308286172075333, 6.092799815206489, -0.1516667934083667, 0.8308286172075796]",54.9307810721847,0.9806672415407859
"[0.39433680537625626, 10.696104142040332, -0.11740516534324183, 0.39433680537635013]",67.79059758832598,0.9900967342479088
"[0.4555793173457124, 4.855842605355621, -0.23464514678420045, 0.45557931734572193]",59.29478896524013,1.059246347433477
"[0.30517336922746885, -0.016141712434379875, 1.1238146837766354, 0.30517336922747484]",48.22211347428298,1.0623895116691846
"[1.054661744717837, 0.4639226823562138, 0.19899313400366866, 1.0546617447178457]",48.036081020699065,1.0749621686120152
"[0.4515050204657492, 14.778363404190817, -0.08485796485696802, 0.45150502046607455]",70.40417752773324,1.078105332847723
"[-0.4828264745885801, 3.051764228616545, -0.340811164196194, -0.4828264745884929]",74.32518540591947,1.0843916613191382
"[0.24400087114078553, 8.84347715195584, -0.14563470560319489, 0.24400087114100216]",60.8457694190997,1.0875348255548458
"[0.2149825040476606, 8.510744492660661, -0.15169833695505994, 0.21498250404820157]",60.89109935935328,1.0906779897905536
"[-0.02302635554387863, 5.793337497088283, -0.21949693810563206, -0.023026355543868074]",61.1534326179638,1.0938211540262612
"[0.7958707627034673, 0.008759055444215506, 6.371453435415007, 0.7958707627092021]",52.92994696106433,1.103250646733384
"[0.8193573889613867, 0.021975759342499193, 3.5918451824901685, 0.8193573889614636]",71.75103331851531,1.1063938109690916
"[1.0433379627516453, 34.46823767392186, -0.024574157608817093, 1.0433379627521981]",76.48513454930745,1.1095369752047992
"[-0.1940279478223464, -0.09001546352836096, 4.006933455950066, -0.19402794782264313]",63.47398802900612,1.112680139440507
"[-0.6402057151491728, 0.9355253217846878, -0.4606637270692468, -0.640205715149167]",67.76086225089713,1.1158233036762146
"[0.5434333633303464, 16.784599583977418, -0.07241349982795978, 0.5434333633304061]",74.72643044339897,1.1189664679119222
"[1.198998506329737, 8.066173830362763, -0.07206797979389003, 1.198998506329769]",78.65789088875307,1.1221096321476298
"[0.17692368554891852, 8.96041311957161, -0.14546876653900517, 0.17692368554901322]",83.6969304381418,1.1252527963833376
"[0.3845374627537632, 11.926107438350918, -0.10631785420828777, 0.3845374627537806]",86.34781064350042,1.1283959606190452
"[-0.6102617956917562, 0.942205860288261, -0.4807277661065475, -0.6102617956917522]",84.35846416019041,1.1315391248547528
"[0.1362639104878501, 14.625459934131483, -0.09207295963170575, 0.13626391048786915]",84.94182109492434,1.1346822890904606
"[0.42438825254400575, 24.06979953913947, -0.05358787821252672, 0.4243882525440395]",84.6245350681086,1.1378254533261682
"[0.597948885185327, 30.506145689788152, -0.03963932533343525, 0.5979488851854546]",84.45805105706033,1.1409686175618758
"[0.7206947509568733, 35.25415576917689, -0.032122674479732057, 0.720694750957582]",84.34324127099931,1.1441117817975834
"[0.8091283708677232, 38.7354554412178, -0.02755165876064735, 0.8091283708684744]",84.25506839039527,1.1472549460332913
"[0.8701131349656814, 41.14650982495632, -0.02472774683581582, 0.8701131349658507]",84.1839167400741,1.1503981102689989
"[0.9073970039923597, 42.607143487934806, -0.023120975933761105, 0.907397003993218]",84.12551894506721,1.1535412745047064
"[0.9235665719813152, 43.21036630335309, -0.022462858947593298, 0.923566571982107]",84.07795455158471,1.156684438740414
"[0.9207366687758927, 43.0401936327208, -0.02261025668018261, 0.9207366687764676]",84.0405034753622,1.1598276029761219
"[0.9101808870765747, 30.803871803854182, -0.03161416040467279, 0.9101808870773194]",71.43754136864851,1.1629707672118295
"[0.8753506935472555, 29.76232040344231, -0.033729474908988706, 0.8753506935472781]",71.4198045415176,1.166113931447537
"[0.8266350687355695, 28.341570693357987, -0.036827528748612434, 0.8266350687358917]",71.4130906679115,1.1692570956832447
"[0.7649148394959541, 26.579143484564383, -0.04103559398723697, 0.7649148394959717]",71.41881000447962,1.1724002599189522
"[0.6903927272943655, 24.498273629538037, -0.046614215628909876, 0.690392727294506]",71.43916856111255,1.1755434241546598
"[0.584049828543096, 29.54471310317233, -0.04117329628725784, 0.5840498285431563]",84.0666037553144,1.1786865883903674
"[0.4739836863099251, 25.454226477088948, -0.04987930612120527, 0.4739836863100032]",84.13810940233172,1.1818297526260753
"[0.3361041975273215, 20.617691329356376, -0.06388061879237311, 0.33610419752734944]",84.25379596568459,1.1849729168617829
"[0.1421581366098124, 14.54381839092543, -0.09250982493627934, 0.1421581366098945]",84.45962643909837,1.1881160810974905
"[-0.3255041619611121, 4.996849037013143, -0.23947076422217814, -0.32550416196109055]",85.07844920410135,1.1912592453331983
"[0.5689403888277654, 10.760672094100112, -0.10885382990862502, 0.5689403888278265]",83.53721757550552,1.1944024095689059
"[0.6187510278983768, 1.8279517677399406, -0.4492410192139346, 0.6187510278984264]",70.3095704522257,1.1975455738046135
"[-0.223612967080071, -0.022249382866236313, 6.871852297841013, -0.22361296708432266]",79.64535332070083,1.200688738040321
"[1.2263318219980324, -0.0922200570188806, 0.9341482956829803, 1.2263318219980395]",60.53519150667323,1.2038319022760289
"[0.2947079949181738, 13.094363862711258, -0.09967858710813238, 0.29470799491827226]",97.62632520863943,1.2069750665117365
"[-0.08001410391598292, -0.381362239349796, 1.6970289856238372, -0.08001410391600355]",96.35437410130109,1.210118230747444
"[0.6606306914256769, -0.857330904480149, 1.1875948216796772, 0.6606306914256808]",97.27827896536587,1.2164045592188595
"[-0.003375177162618895, 0.8769814454209783, -0.6632646029767298, -0.0033751771626166034]",84.35622588873254,1.219547723454567
"[0.7211328794539397, 39.47277913609864, -0.02875573415662897, 0.7211328794540937]",93.8025581405533,1.2226908876902747
"[0.70631126817954, 39.360156194280485, -0.029105188092571805, 0.7063112681812257]",94.27403851286769,1.2258340519259823
"[1.0636835798351745, 41.84013284379404, -0.0198516094432862, 1.0636835798353597]",97.2522524045862,1.2289772161616899
"[-0.2847565184314525, 0.8491029492675349, -0.49209588039985536, -0.28475651843144945]",74.0552838829585,1.2321203803973975
"[0.24716097376109417, 5.899400796281357, -0.2106430889464183, 0.24716097376133042]",88.72702111185545,1.2352635446331053
"[0.7674346054813878, 21.420267637743464, -0.050426389550333586, 0.7674346054815322]",79.01778082044525,1.2415498731045205
"[1.0514622934402402, 34.959160878489485, -0.0239968986170582, 1.0514622934412725]",94.34815733096879,1.244693037340228
"[0.7534661231988555, 1.0138631326766179, -0.46672254500740284, 0.7534661231988584]",92.53491016650106,1.2478362015759359
"[0.5988159356227037, -0.1543340294387454, 1.1966945944254235, 0.5988159356227051]",81.52295487559778,1.2509793658116435
"[0.5168334221454399, 14.471655592981163, -0.08436978568768018, 0.5168334221454646]",93.27039064813032,1.254122530047351
"[0.09788734786122472, 5.653833362958808, -0.2235272341723515, 0.09788734786125614]",93.129988068464,1.2572656942830587
"[-0.4975191119258501, 3.4068249765209626, -0.3097990852726744, -0.49751911192584397]",94.71942040088693,1.2604088585187665
"[-0.08729841321815632, 9.275952800546445, -0.14215162176320228, -0.08729841321809888]",94.31732078754918,1.263552022754474
"[-0.6446403341234951, -0.6285039663728703, 1.1786946122169761, -0.6446403341234944]",94.76212523794936,1.2666951869901817
"[0.40501444646039914, 12.417876526286575, -0.1016846099498403, 0.40501444646052187]",96.0687355963826,1.2698383512258895
"[0.5839644938170762, 4.915906490295602, -0.21805019325519517, 0.5839644938171369]",69.34504187228217,1.272981515461597
"[0.5961335948783313, 0.32873170026554505, 0.3889817972861625, 0.5961335948783597]",82.47089938998901,1.2761246796973047
"[-0.11467715787094085, 6.201744650909463, -0.20536551032784955, -0.11467715787091967]",92.9542040913347,1.2792678439330123
"[-0.06786282172963079, 8.880774141943805, -0.14820711764699093, -0.06786282172962886]",94.01801528159223,1.2824110081687201
"[-1.0243496062876967, 0.5563348231673658, 0.02448008299959939, -1.0243496062876771]",74.71368926759231,1.2855541724044277
"[0.08512794964518597, -0.08296586741049047, 1.8487495815982715, 0.08512794964518784]",60.01591301214583,1.2886973366401353
"[-0.30725011596532487, 3.335072311519324, -0.3400030598275774, -0.30725011596529916]",69.01249094689716,1.291840500875843
"[0.4442436048082706, 4.256242208570497, -0.26396367947211036, 0.444243604808578]",72.32478875754587,1.298126829347258
"[0.5715697885816264, 4.249926205603727, -0.2483052278022152, 0.5715697885816745]",91.90460536438631,1.3012699935829657
"[0.2600263566866107, 12.439576812771312, -0.10542325248909251, 0.2600263566867034]",83.88811916107201,1.307556322054381
"[-0.1171001413005844, 7.138488324032056, -0.18065622893826036, -0.11710014130051002]",94.6610565502497,1.3138426505257963
"[0.4249581641964324, 14.336347160270842, -0.08816027707648307, 0.42495816419654653]",84.40007102923941,1.3201289789972117
"[0.6915534078138773, 2.305054433124022, -0.36282604895418724, 0.6915534078138794]",96.33491848126076,1.3264153074686271
"[0.954589656677877, 44.52547654399355, -0.021159799917422124, 0.9545896566783619]",90.52074083598761,1.672163373396468
"[0.8669630025224523, 29.830717758036982, -0.03389984936480701, 0.8669630025224896]",78.13224763185286,1.6784497018678832
"[0.9140316776080499, 31.130813258044743, -0.03117981839752129, 0.9140316776105032]",78.1022425298639,1.681592866103591
"[0.9621580500265928, 32.39638759087827, -0.028604527660054765, 0.962158050026926]",78.02299194482629,1.6847360303392989
"[0.8956517694018709, 30.324060327380728, -0.03253103970180781, 0.895651769401943]",77.96615733701914,1.6878791945750062
"[0.636550062741014, 23.008287970648876, -0.051080166483070705, 0.6365500627411217]",78.03951451930227,1.691022358810714
"[-0.0821428599223221, 7.17807973985499, -0.1802403510478037, -0.08214285992227927]",78.7623899050377,1.6941655230464219
"[0.32576316862233806, 17.66718483253297, -0.07432555531948669, 0.3257631686225254]",88.16107651226002,1.700451851517837
"[0.9164415570307641, 0.3407134913507515, 0.4323244025555283, 0.9164415570307827]",57.00338532465453,1.7035950157535449
"[-0.8712136619213003, 1.5041889166293634, -0.35055515419351085, -0.8712136619212939]",88.87041511624628,1.7067381799892523
"[0.8691923740769651, 18.047034571662287, -0.054769055629766424, 0.8691923740773206]",92.3415376083068,1.70988134422496
"[0.9921185666706085, -0.3950793354796185, 1.0914294935610196, 0.992118566670622]",74.0503545867648,1.7130245084606674
"[0.2557337293569326, 14.57425330184323, -0.09076564882569958, 0.2557337293569866]",87.15230715856265,1.7161676726963753
"[-0.7026295665774528, -0.5153592494058981, 1.1427894114909993, -0.7026295665774488]",88.93546715953417,1.719310836932083
"[0.4960076931872265, 8.050632489071566, -0.1470661534889598, 0.49600769318727855]",87.379487603,1.7224540011677905
"[0.061304020749276544, 11.821955663108163, -0.11334892613195259, 0.06130402074927912]",88.44935315563826,1.7255971654034983
"[0.30951147058196693, 18.679740669932986, -0.07072303087981728, 0.3095114705821274]",88.02301814424702,1.7287403296392059
"[0.41866181898268684, 22.06115781256933, -0.058417355658451506, 0.41866181898287336]",87.7875693664522,1.7318834938749135
"[0.4688710916079692, 23.621261233595128, -0.05373138749067463, 0.46887109160815194]",87.62619944831953,1.735026658110621
"[0.48220862969341766, 23.970607002913972, -0.052707172749783926, 0.4822086296934947]",87.51059307536813,1.7381698223463289
"[0.4680842383766651, 23.41366092898817, -0.05420863124823275, 0.4680842383768554]",87.430503597881,1.7413129865820363
"[0.43029717145987867, 22.100992399639, -0.058091446625578615, 0.43029717146012025]",87.38306353133919,1.744456150817744
"[0.3683552534258032, 20.06838153298808, -0.06500067773463046, 0.3683552534259206]",87.3710235810887,1.7475993150534515
"[0.2757784295171845, 17.21850992695725, -0.07706174707506855, 0.2757784295172776]",87.40562238514974,1.7507424792891593
"[0.13063359224019505, 13.195110070433179, -0.10161973253004643, 0.1306335922403181]",87.52142043903002,1.753885643524867
"[-0.1865060670679019, 6.623459909495613, -0.1917957960180372, -0.18650606706784245]",87.89880136360303,1.7570288077605745
"[-0.5459272534649, 0.9065100776905765, -0.4878007951973647, -0.5459272534648894]",87.28118915838756,1.7601719719962823
"[0.28976441869711805, 10.806894089184123, -0.11962140952416016, 0.2897644186972621]",87.25716890050546,1.76331513623199
"[0.20201342386684604, 11.5380910691481, -0.11436298764076581, 0.2020134238669387]",86.95413131701017,1.7664583004676975
"[1.0230719465327598, 33.80551065975213, -0.02565929946972218, 1.0230719465333076]",84.75946672896698,1.7696014647034053
"[-0.1966150836970063, 5.362882397352719, -0.23152357906107426, -0.19661508369693695]",87.8594555214226,1.7758877931748205
"[0.9544389906233347, 25.78577295144566, -0.03592750977370711, 0.9544389906239344]",94.71217150001067,1.7790309574105283
"[0.8902586793452605, -0.5496533195169888, 1.0818375625018937, 0.8902586793452916]",59.5809782077274,1.7853172858819435
"[1.2528868066993202, 0.04082978107578532, 0.8028934529461859, 1.2528868066993257]",54.67060452295617,1.788460450117651
"[1.1087639542066543, -0.1447153428275883, 1.0382805997169369, 1.108763954206657]",54.39947855007805,1.7916036143533587
"[0.7152102047490234, 2.8791206958210083, -0.3043694409617958, 0.7152102047490521]",82.02920332058827,1.7947467785890663
"[0.5895021522558888, 17.65162124463763, -0.06752453054064608, 0.5895021522560814]",91.12461170023495,1.797889942824774
"[0.5282934013104715, 24.276522742766726, -0.051102130329649297, 0.5282934013104781]",92.96979688252847,1.8010331070604815
"[-0.5356111500517624, 0.7316395894487044, -0.24939704252128242, -0.5356111500517451]",70.48077298088552,1.8041762712961893
"[-0.2768661308894419, 5.176874404296549, -0.23507679788680097, -0.2768661308893999]",89.69899581097106,1.8073194355318971
"[1.2212136003329737, 0.1720614834830783, 0.6511784466930183, 1.2212136003329808]",56.921768606506355,1.8167489282390201
"[0.9745091708077173, 19.891635672736236, -0.04504296738811702, 0.9745091708085932]",80.51293959747824,1.8198920924747275
"[1.0746954644436333, 7.215832728661764, -0.09846245188355895, 1.0746954644436815]",64.84229468494605,1.8230352567104353
"[1.0543243596855805, 42.03214526159129, -0.019999390857083903, 1.054324359687799]",87.35654326969876,1.8293215851818505
"[1.1645448572756072, 45.490754842343875, -0.01582889701513222, 1.1645448572784698]",86.97051377969332,1.8324647494175583
"[1.0012885290218476, 39.503789854553574, -0.022622181858575695, 1.001288529021861]",86.86315412389163,1.8356079136532657
"[0.8210828484911435, 33.188728492645666, -0.031736550927533545, 0.8210828484913643]",86.85894180568728,1.8387510778889735
"[0.6449902748695309, 27.286051879922983, -0.04310951244960194, 0.644990274869687]",86.9175536862756,1.8418942421246813
"[0.463705985048563, 21.5623990942221, -0.05879952081372445, 0.46370598504870686]",87.03512502343165,1.8450374063603887
"[0.2529560383532087, 15.534674257290733, -0.08544205681827925, 0.2529560383532352]",87.23723593473517,1.8481805705960965
"[-0.08276415553560307, 8.018027947814883, -0.16279154081378475, -0.08276415553537873]",87.6638356753357,1.8513237348318041
"[-0.057370527971940546, -0.18527179384027603, 2.3058122252053646, -0.057370527971965984]",84.34402583899387,1.8544668990675117
"[0.24946839700868656, 8.519711656971358, -0.15059507204417313, 0.2494683970087421]",86.37438385868765,1.8576100633032193
"[0.20000531162486676, 5.784980291836028, -0.21625564067241923, 0.20000531162486873]",79.83708172580656,1.8638963917746345
"[0.35800708280455906, 14.485218636924685, -0.08911829334403513, 0.3580070828046581]",86.31424819232387,1.8670395560103423
"[-0.005674790827623898, 2.640213131189724, -0.4311317163723656, -0.005674790827578401]",65.73358575821406,1.8701827202460497
"[0.40346465276072263, 5.670963329855155, -0.20895575183889306, 0.4034646527607276]",73.97907221555238,1.8733258844817575
"[-0.046064052385689315, -0.20662468461476163, 2.1748129940852903, -0.046064052385697926]",81.17119340130445,1.8764690487174653
"[0.5460900369107632, -0.6520343893202549, 0.9161866936864822, 0.5460900369107636]",86.26066975710461,1.8796122129531727
"[0.37849712715031175, 0.17803203128401182, 0.7453309372451391, 0.37849712715035]",73.8513191825852,1.8827553771888805
"[-0.21036708790336853, 3.6015582108003326, -0.3264000489010612, -0.21036708790335581]",85.06131087857727,1.8858985414245883
"[0.6132078859331944, 22.339317328416584, -0.05320948456686175, 0.6132078859333531]",99.4785792395669,1.8890417056602957
"[0.20718249695750013, 8.445321274990636, -0.1529840010807094, 0.20718249695750598]",85.43016626446496,1.8921848698960035
"[1.15371302678722, 7.707640673899739, -0.08169304412938563, 1.1537130267872604]",87.93085569672259,1.8984711983674187
"[0.30315657576337846, 12.304930532933748, -0.10551986011692431, 0.3031565757634005]",87.03097100337062,1.9016143626031266
"[0.6515133404478786, 5.5414644175421515, -0.1889101234001816, 0.6515133404479067]",67.19515805449535,1.9079006910745417
"[0.07722096647812088, -0.9971752881105415, 1.173284572608746, 0.07722096647812371]",89.43743474253733,1.9110438553102493
"[0.30755381640598584, 13.272566282283794, -0.09811437497748476, 0.3075538164060866]",89.67789056304761,1.914187019545957
"[-0.965879951976263, 1.1344842599978182, -0.27456712808742423, -0.965879951976253]",95.0474938590017,1.9173301837816645
"[-0.14197545531140138, 2.085785878184388, -0.5134509188501488, -0.14197545531139416]",89.47902987454918,1.9204733480173724
"[1.2444591173298445, 0.20367055258859434, 0.6118972182789344, 1.2444591173298578]",78.25854176746026,1.9267596764887875
"[1.0846434967237317, 28.6294819940895, -0.02784756605760613, 1.0846434967241216]",89.2490674644416,1.9299028407244954
"[0.9505477773989234, 25.43086058997469, -0.03655430957364615, 0.9505477774007887]",89.20934635285889,1.9330460049602027
"[1.1793548800500708, 31.05621293926127, -0.022302652078178584, 1.1793548800514717]",89.36121084860835,1.9361891691959106
"[1.2218078392616547, 0.3780044018241784, 0.38976177402837725, 1.2218078392616567]",69.56247895705009,1.939332333431618
"[0.3110554982167645, 0.36862141312251634, 0.3962654451628634, 0.31105549821679546]",68.35754022668733,1.9456186619030336
"[-0.41905285897410877, 1.596735342616713, -0.5589349044509151, -0.41905285897409844]",94.3155929084035,1.948761826138741
"[-0.3151598080609444, 3.1217423414962626, -0.3581482085097715, -0.3151598080609173]",91.19477747480141,1.9519049903744488
"[0.7824145620873204, -0.6350575881702203, 1.05080560266394, 0.7824145620873217]",65.96917478712588,1.9550481546101566
"[1.0806803347913452, 0.277983581042389, 0.5211453886842625, 1.0806803347913587]",80.31643345863252,1.958191318845864
"[0.772542595917729, -0.12689731320500713, 1.7033264423603371, 0.7725425959177236]",67.78557411905139,1.9613344830815718
"[0.5694626382473311, 9.436517326613936, -0.12289740603055625, 0.5694626382474368]",77.07119673474446,1.9644776473172796
"[0.6605142786210618, 19.204976103271193, -0.05996521630861166, 0.6605142786211329]",93.71446402035372,1.9707639757886948
"[0.930601495454223, 6.433554666029172, -0.13087677406507264, 0.9306014954543074]",84.21317079468713,1.9739071400244022
"[0.13271076504125448, 2.866901699361274, -0.3997167474619309, 0.13271076504127288]",98.68149063631564,1.9801934684958176
"[0.5258478159500389, -0.4906406934517073, 0.9545114267399892, 0.525847815950042]",99.78975788761208,1.9833366327315252
"[0.30803676068759595, 18.38767962831175, -0.07182921763827901, 0.3080367606878058]",98.76110464129712,1.9896229612029406
"[0.6256972321253736, 10.041748654412826, -0.11265808007223137, 0.6256972321253794]",78.52569468698692,1.992766125438648
"[0.7847719287289928, -0.057517394071624164, 2.53217730640589, 0.7847719287284812]",72.17536777243734,1.9959092896743558
"[1.139914021261606, 22.553675572601158, -0.032213891084160576, 1.1399140212618106]",98.70853545829746,1.9990524539100636
"[0.03457115907053493, 12.746422538082918, -0.10564282415704024, 0.03457115907069817]",99.958923056407,2.002195618145771
"[0.4189437570263843, 26.245641922491895, -0.04935557553436488, 0.4189437570265689]",99.51840820207907,2.005338782381479
"[0.6890294916518395, 37.820222117209205, -0.03058289335769207, 0.6890294916526737]",99.33537669277669,2.0084819466171866
"[0.9535396803627466, 50.05422098216224, -0.018891222075684895, 0.9535396803628737]",99.28476315483462,2.011625110852894
"[1.1836057937575755, 61.31787602574539, -0.011469728103397641, 1.1836057937619129]",99.44837231668484,2.014768275088602
"[-0.13734272618162682, -0.4626312439000232, 1.5593292274640147, -0.13734272618164026]",99.19105511965967,2.03048409626714
"[0.3138104691932029, 12.366788704840443, -0.10475270496035842, 0.3138104691932179]",79.32980164073392,2.039913588974263
"[0.27604579922292327, 16.459280540655463, -0.08046567950614035, 0.27604579922298544]",92.06180555002824,2.043056753209971
"[0.7247319047859974, 5.674658557783285, -0.1759538711325245, 0.7247319047860049]",63.66925109888667,2.049343081681386
"[0.5290896565064098, 6.547006226741291, -0.17463179807429438, 0.5290896565064175]",82.73217725996679,2.0524862459170934
"[0.20551353478340514, 9.027447907297036, -0.14384932465194225, 0.20551353478352372]",97.74912341065593,2.055629410152801
"[0.2461716153144554, 20.578132212719268, -0.06527548642244405, 0.24617161531456014]",99.76960368715031,2.0619157386242164
"[0.4115513801636918, 27.411030611657196, -0.047424835511371714, 0.41155138016399884]",99.72504017805953,2.065058902859924
"[0.4630981540532031, 29.815094604224882, -0.04293660129378704, 0.4630981540533403]",99.85153790401262,2.0682020670956316
"[0.4231604830486369, 5.843276144879079, -0.20204145969377674, 0.42316048304866816]",87.47447684555164,2.080774724038462
"[-0.08230224372146307, 4.404010782516183, -0.27916935158863787, -0.08230224372143023]",81.11419742034015,2.08391788827417
"[1.1989339901448788, 31.596287324048394, -0.021201205670791146, 1.1989339901451959]",89.5936352857933,2.0870610525098776
"[0.9036040913982167, 42.24916106108839, -0.02339361991561901, 0.9036040913989545]",90.23555703595676,2.090204216745585
"[0.778497876116917, 37.544454243034686, -0.02905261827547513, 0.7784978761173195]",90.48220340239338,2.093347380981293
"[0.1971439369303434, 5.687080593245875, -0.21969087561169928, 0.1971439369304458]",83.18569109566702,2.105920037924123
"[0.025045709905465757, 8.175188612095434, -0.1602845994642624, 0.025045709905592912]",86.41280710807939,2.109063202159831
"[0.7280219408968565, 34.85894130269203, -0.03232558283281181, 0.7280219408969426]",97.72075840685937,2.112206366395539
"[0.73071837255194, 7.817295759812638, -0.13234501910725152, 0.7307183725519807]",98.54974142664003,2.115349530631246
"[0.5569565175485414, 35.78501685719111, -0.03458313832164882, 0.556956517548855]",98.96697154393422,2.118492694866954
"[1.0464181599894498, 61.21371564857829, -0.013988186626506294, 1.0464181599899811]",98.85553787649327,2.121635859102662
"[0.792246339991625, 3.2325788176829895, -0.26035212740898306, 0.7922463399916666]",99.21632099166558,2.124779023338369
"[0.5740214762869132, 21.407120281694095, -0.05653067814345542, 0.5740214762870375]",79.1277395163373,2.127922187574077
"[0.42991942218196505, 17.93508767112511, -0.07105525915456609, 0.42991942218209456]",80.1064773298689,2.1404948445169074
"[-0.17331449614693614, 5.205076409665615, -0.23861033542710924, -0.17331449614687774]",76.64253221200829,2.1436380087526152
"[0.3671852292722762, 10.69476447312344, -0.11839557918129875, 0.36718522927241615]",66.96744535328621,2.146781172988323
"[0.2278075356328228, 15.062745316202804, -0.08840363790382574, 0.22780753563301454]",93.903530481815,2.1499243372240304
"[0.39711442247039636, -0.3091610038727614, 1.0710407810903932, 0.39711442247039913]",76.90787709821754,2.1530675014597382
"[-0.20594616326331458, -0.06686301900848676, 4.6971003759192635, -0.20594616326478196]",79.94513840975134,2.156210665695446
"[0.7540943648742112, 6.172290912104724, -0.16006853671114427, 0.7540943648743279]",65.50351876044019,2.1593538299311534
"[0.5013810310308512, 4.007453948551881, -0.2706255928735919, 0.5013810310308566]",97.2821367252321,2.1624969941668613
"[-0.004183362158994267, 13.176636293401893, -0.10240685034390076, -0.0041833621588772026]",99.53370584429206,2.1656401584025686
"[-0.06777613803139013, 10.946852755724008, -0.12184675840611899, -0.06777613803048593]",96.5616877644071,2.19078547228823
"[-0.3864525795876822, -0.21992327659212194, 2.0195105426573385, -0.3864525795877148]",89.2969295916712,2.1939286365239377
"[0.22165495422581974, 17.14379859187932, -0.07817291166964307, 0.2216549542259876]",83.51816319721127,2.206501293466768
"[0.642854623946658, 2.3253069283056806, -0.37624578932030406, 0.6428546239466589]",69.87901535227579,2.209644457702476
"[0.06633794579820386, 2.929949915664176, -0.39513596317565913, 0.06633794579823624]",84.13235055115959,2.2127876219381832
"[0.3183145882104523, 25.06114175361841, -0.05310427767262478, 0.3183145882105833]",95.48406929422579,2.2285034431167214
"[-0.134302519316012, -0.06756614936084779, 3.8869095731620953, -0.1343025193163046]",59.21236233863654,2.234789771588137
"[0.8533582962537397, 29.171654259702937, -0.035042298302382785, 0.8533582962545708]",78.41011220588406,2.2379329358238444
"[0.31343430208934137, 9.332916506696748, -0.13641989627622336, 0.31343430208937195]",96.132778008175,2.2410761000595523
"[0.5274848463538065, 20.035412479932297, -0.06153548229124857, 0.5274848463538266]",87.10905281021292,2.2567919212380905
"[0.816217950922179, -0.07249686925997423, 2.2602667795512486, 0.816217950922017]",74.71998872650512,2.2599350854737983
"[-0.033000350801759774, 11.052915437398573, -0.12090475485834176, -0.03300035080164847]",93.51070876472434,2.2630782497095057
"[0.7227256954436048, 0.016109665088382352, 2.101374368855353, 0.7227256954436906]",98.90775937173443,2.2756509066523365
"[0.8212593277383858, 33.80182991915373, -0.03117224760173992, 0.8212593277386875]",81.54152469089783,2.3039393847737055
"[0.8808962108319086, 47.253997598267645, -0.021396751545968602, 0.8808962108364601]",97.23372242283396,2.313368877480828
"[0.5309372672908305, 8.485887314888876, -0.13800470481386806, 0.5309372672908348]",84.06165857413019,2.316512041716536
"[-0.5804391103492498, 2.5726799127477498, -0.3663653585177982, -0.5804391103492459]",99.8808556365524,2.325941534423659
"[0.4128494072357048, 20.065255172879297, -0.06414161152311343, 0.41284940723579944]",88.99221993886886,2.3290846986593663
"[0.060507326175592936, 12.321916953359674, -0.10899250276933804, 0.06050732617562245]",87.51942637146105,2.332227862895074
"[-0.1949534195440194, 5.0398882660335715, -0.2447019495111759, -0.19495341954399562]",67.09670095216599,2.3385141913664893
"[0.8007284319548403, -0.002475218857438881, 12.429382787405016, 0.8007284317973047]",64.80615930425175,2.3416573556021967
"[0.7834642763395414, 2.421341407134315, -0.32035997184439974, 0.7834642763395603]",90.31286598081073,2.3510868483093197
"[0.14904779138090699, 8.68753371758347, -0.15023935172596323, 0.1490477913812316]",87.07908333261837,2.357373176780735
"[-0.2166276275061701, 3.5671386233533977, -0.32865441539119017, -0.21662762750615563]",79.15147645973262,2.3636595052521505
"[0.6455014988068284, 0.35925492451175534, 0.32648830901416404, 0.645501498806831]",83.43736212746674,2.3699458337235657
"[-0.2916070186368759, 1.0950710237293166, -0.6964259380703963, -0.29160701863687205]",91.28831899731536,2.3825184906663965
"[0.25726673131782746, 18.065391102234738, -0.07385941570123372, 0.2572667313180168]",81.74904972089426,2.3888048191378117
"[0.7194106549182927, 25.674968284359455, -0.043748941882894264, 0.7194106549185351]",69.08146958608464,2.3919479833735195
"[-0.793831205026108, -0.5074664274036859, 1.0863915982719634, -0.793831205026102]",82.5276431398924,2.3982343118449347
"[0.6678784701460125, 12.203396709723494, -0.0917283906527102, 0.6678784701460612]",93.29257017342076,2.401377476080642
"[-0.4826604736285068, 0.11340110701470754, 1.6099510360010025, -0.4826604736284952]",46.34506837406439,2.40452064031635
"[0.9223160523267716, 6.7491711998076465, -0.12685359307253238, 0.9223160523272578]",50.014290857558116,2.4076638045520578
"[0.9723271524765913, 7.232356931973499, -0.11294151287866167, 0.9723271524767436]",57.63439702474621,2.413950133023473
"[-0.192031042544742, 6.9298817240469655, -0.18390816939180482, -0.19203104254471656]",82.3809705631369,2.4170932972591808
"[0.45200796067849325, 24.76037383182404, -0.051647160354704805, 0.4520079606787981]",81.64778843834871,2.420236461494888
"[0.5588535906194041, 21.08895278128779, -0.05776087926393829, 0.5588535906196324]",68.96906421756874,2.423379625730596
"[0.4545834022929816, 24.87403252149949, -0.05137107523963227, 0.4545834022930614]",81.5554922885964,2.4265227899663038
"[-0.17571103033226493, 0.021993228115988143, 6.792057326961152, -0.17571103033108076]",44.087453349662354,2.555392523630317
"[-0.5891734395252229, 0.6148117781459349, -0.025459176889914076, -0.5891734395252126]",47.56751093934085,2.5585356878660246
"[0.14172657941535433, 8.346937043813314, -0.15604304429853758, 0.14172657941553368]",78.0144917556248,2.5679651805731476
"[0.496725070948131, 17.392199640030032, -0.07139535812287055, 0.49672507094813706]",80.89745469467253,2.5711083448088554
"[0.24082858987677636, 17.604442915998913, -0.07595249204291833, 0.2408285898770331]",81.82503642841161,2.574251509044563
"[0.5641365191129887, 21.286599345410284, -0.05710410900502831, 0.5641365191139179]",69.07835057982854,2.5773946732802706
"[0.6230064266093962, 22.93652498456686, -0.05160708741394811, 0.6230064266095767]",69.15212407814263,2.580537837515978
"[0.5723344838885183, 21.647205508608973, -0.05597081136015284, 0.5723344838889889]",69.28376919915968,2.583681001751686
"[0.45792860724367856, 18.710199306077403, -0.06755749063017004, 0.45792860724380097]",69.44801817728971,2.586824165987393
"[0.31046161411408724, 15.10894828240444, -0.08666475993836223, 0.31046161411415163]",69.63869276667984,2.589967330223101
"[0.1612437973562886, 11.785764547445332, -0.11272602636292677, 0.1612437973563188]",69.83984734189377,2.5931104944588084
"[0.06581652772615264, 9.880726634087827, -0.1341715999573327, 0.06581652772660494]",69.98680463319573,2.596253658694516
"[0.09181337479030839, 10.383018891261223, -0.1278746662417383, 0.09181337479092352]",69.98465849827235,2.599396822930224
"[0.21919244850233652, 13.039637098628658, -0.10157442467757509, 0.21919244850234412]",69.86255801655139,2.6025399871659314
"[0.37770928719088837, 16.739578738267934, -0.07717874638658, 0.37770928719101554]",69.71718555653676,2.605683151401639
"[0.5285723003378606, 20.560417298116633, -0.05999359683417284, 0.5285723003378899]",69.58896429444897,2.608826315637347
"[0.6544305247391152, 23.898593897691214, -0.048757137821678224, 0.6544305247392601]",69.48301518217907,2.6119694798730544
"[0.7453556984588477, 26.35666812702669, -0.041931705068934316, 0.7453556984590788]",69.39693210044653,2.615112644108762
"[0.7957523952332881, 27.705456513229187, -0.038550412908494765, 0.7957523952335256]",69.32924168423278,2.61825580834447
"[0.804307618363894, 27.87970741630066, -0.03807140244213417, 0.8043076183639248]",69.28061564850546,2.6213989725801774
"[0.7734066579776188, 26.95115280792484, -0.040244886176875626, 0.7734066579776793]",69.25335518368678,2.624542136815885
"[0.7073133310484367, 25.068034664896192, -0.045117266756394755, 0.7073133310485425]",69.25105522887335,2.6276853010515926
"[0.6096225516310484, 22.38197494841314, -0.053209812461583364, 0.6096225516312029]",69.27928127428737,2.6308284652873004
"[0.4554171725002227, 24.843980643183603, -0.05141608343303761, 0.4554171725003865]",81.94724411258167,2.6339716295230082
"[0.2673839200351236, 18.39771099067608, -0.07242965920612195, 0.26738392003518363]",82.10658425170112,2.6371147937587156
"[-0.07181329073191912, 9.206244054333387, -0.1432908802907655, -0.07181329073185165]",82.50561293661747,2.6402579579944234
"[0.12043281828394599, 0.7030304387230799, -0.3173602551473252, 0.12043281828397098]",72.31483551897796,2.6434011222301312
"[0.7851241484687576, 11.168478309138806, -0.09193331562317941, 0.7851241484689083]",77.90404699925841,2.6465442864658386
"[-0.015461950357927278, 10.364404941871271, -0.12849005118860096, -0.015461950357273355]",93.75405026369276,2.6496874507015464
"[1.4253148287505977, -0.07089151857012534, 0.9740215064297747, 1.425314828750621]",92.98331901530186,2.6528306149372542
"[0.3751573040867876, 0.17383749508143503, 0.7563439663934448, 0.37515730408679704]",53.891087380409004,2.6559737791729616
"[-1.1556093688643088, 0.47869157975694104, 0.16958161237557687, -1.1556093688643008]",94.6660181089783,2.6591169434086694
"[0.6522837738601023, 27.76606478840568, -0.04221529023592065, 0.6522837738602786]",94.38388304191795,2.6622601076443773
"[0.7743567765745728, -0.7753549462540938, 1.1770252224332147, 0.7743567765745737]",91.32005314119469,2.6685464361157925
"[0.9534692911720162, 50.285835559453524, -0.018807341858888826, 0.953469291173992]",91.43045100528525,2.6716896003515
"[0.5384700557748442, 27.653181618700412, -0.04483674293278088, 0.5384700557748455]",89.64487719827677,2.6748327645872076
"[0.7948973271554551, 33.089030362564415, -0.03246954258565852, 0.7948973271556182]",89.14523958609182,2.6779759288229155
"[0.9807344008427533, 0.23767888503839615, 0.6823215576366273, 0.980734400842767]",73.24832955308119,2.681119093058623
"[0.7412608510770571, 2.9805575290487014, -0.2899700103454483, 0.741260851077061]",71.68819962021112,2.6842622572943307
"[0.4337034421031695, 1.121024167556981, -0.689225608470882, 0.4337034421031783]",90.66189908478513,2.6874054215300385
"[0.04882847927612321, 9.946777154124957, -0.13343594769437694, 0.04882847927703158]",88.96901858430752,2.690548585765746
"[-0.07369537167158678, 9.524291233176893, -0.1388049105395485, -0.07369537167153335]",92.06702914370499,2.6936917500014537
"[0.30361228588679934, 0.44251691479758587, 0.2178728930318828, 0.30361228588680733]",48.560599562250175,2.7125507354156992
"[0.2546912406425511, -0.06258196848010739, 1.2640550023128605, 0.25469124064255644]",53.78362146955309,2.7188370638871144
"[1.0572217165204931, 55.35269998028492, -0.01523313126413101, 1.0572217165205569]",90.71463826967026,2.7219802281228223
"[-0.1942430250037862, 7.944731446862999, -0.16219731355467584, -0.19424302500375756]",94.58360784744987,2.7282665565942374
"[0.4394973408571789, 24.384490496237035, -0.052648607964218476, 0.4394973408573675]",81.3563499762226,2.7314097208299453
"[0.5178251604538456, 27.31759434473391, -0.045771971125690536, 0.5178251604539309]",81.38616103831627,2.7345528850656526
"[0.42343111551131346, 23.93649497074592, -0.05389429392978021, 0.42343111551175483]",81.54269486017743,2.7376960493013605
"[0.126312981974747, 14.298671369988856, -0.09417310618747132, 0.12631298197488944]",81.90394429054676,2.740839213537068
"[0.13667065641828485, 2.7483196475478504, -0.413523089625212, 0.1366706564183072]",79.8219552262843,2.7439823777727756
"[0.748435597249965, 2.4289192623944915, -0.3317643169885254, 0.7484355972499653]",68.6248189884393,2.7471255420084835
"[0.5729825408692576, 1.2657247933000992, -0.5727194638324855, 0.5729825408692607]",76.71435115340401,2.750268706244191
"[0.4872739939848625, 23.00954914354755, -0.05473100954384861, 0.4872739939849772]",79.57453254710161,2.7534118704798987
"[-0.19012805827430884, 4.581481035479715, -0.26631171557226413, -0.1901280582742709]",68.67791087405338,2.7565550347156065
"[0.4482237872161632, -0.35037893704515366, 1.029122044424068, 0.4482237872161645]",61.92091536602943,2.7817003486012677
"[-0.03530832299228308, 0.9553157327149865, -0.7563807495933484, -0.03530832299227853]",72.7283465801632,2.784843512836975
"[-1.0212350891226245, 0.043527792515901755, 0.5646977693047647, -1.0212350891226096]",76.44104655365382,2.787986677072683
"[-0.060003653914800094, 7.468644488287454, -0.17401304149130858, -0.060003653914733675]",74.54332426880408,2.7911298413083907
"[0.9534747403086619, 32.36839354173314, -0.028885633792041163, 0.953474740308728]",74.01691284475656,2.794273005544098
"[0.8381376063958317, 6.598983166895883, -0.1407184071218577, 0.83813760639595]",53.791781797592456,2.797416169779806
"[0.6118176152766941, 0.4449758971216926, 0.09218871483640692, 0.6118176152766993]",47.99036666715643,2.8005593340155137
"[0.2594267995349666, 10.10315433441, -0.1282474320367757, 0.2594267995350154]",79.26183203853444,2.803702498251221
"[0.7860286838774034, -0.1073787865320498, 1.8670658533830444, 0.7860286838773877]",54.15442761411556,2.806845662486929
"[-0.11666725842563158, 3.488837789528016, -0.3400344012530021, -0.1166672584256048]",81.7749413924145,2.8099888267226367
"[0.299630648441954, 19.734324237855848, -0.06722873730370728, 0.29963064844199444]",81.99811074972632,2.813131990958344
"[0.5864568196706372, 30.051983353774062, -0.04044943951533607, 0.5864568196706748]",81.71058266688208,2.816275155194052
"[0.7457905631839826, 36.211138288648556, -0.030785108056175015, 0.7457905631843065]",81.55455253118146,2.8194183194297593
"[0.83480265058654, 39.70464892591344, -0.026362671999290124, 0.834802650586758]",81.44827834247427,2.822561483665467
"[0.8725741918217412, 41.15797915348845, -0.02466888357109034, 0.8725741918225838]",81.3717883656438,2.8257046479011745
"[0.8705303226768377, 41.00532813855837, -0.0248020360559734, 0.8705303226782005]",81.3183594402117,2.8288478121368823
"[0.8372525606877425, 39.60140915496045, -0.02637803297477129, 0.8372525606883204]",81.28564185887736,2.8319909763725897
"[0.7792670956697269, 37.23178408083487, -0.029274679803325855, 0.7792670956699312]",81.27325815758748,2.8351341406082975
"[0.7009791504115188, 34.105846980603715, -0.03358854951538727, 0.7009791504115248]",81.28230060440077,2.838277304844005
"[0.5938774613113403, 37.87337030718812, -0.032153796842775036, 0.5938774613113689]",93.89508649068817,2.8414204690797127
"[0.47374924763378207, 32.02893973472787, -0.03988143799181518, 0.4737492476341545]",93.96527611006732,2.8445636333154205
"[0.3224078767764864, 25.10676174199344, -0.05295813554173429, 0.322407876776654]",94.08750860242696,2.847706797551128
"[0.10175938390646481, 16.292143787745434, -0.08328746262978072, 0.10175938390659467]",94.32324965589356,2.8508499617868357
"[0.13226099232822436, 1.553081005758432, -0.6400760746181757, 0.1322609923282278]",96.92659483473902,2.8539931260225435
"[0.11699277149034899, 8.180284690393023, -0.15937957005953662, 0.11699277149035534]",93.28946240138629,2.8602794544939587
"[0.8174998257647986, 38.707471375668796, -0.027395088263919964, 0.8174998257650788]",96.43833076396919,2.863422618729666
"[-0.20046100036700817, -0.00017315966498417465, 56.979732306875924, -0.20046100953377285]",91.68267443518326,2.872852111436789
"[0.7519620516498924, -0.11536102554826919, 1.7303622852884255, 0.7519620516498828]",61.53634266243484,2.8791384399082047
"[0.3118934587546364, 15.100537461005983, -0.08668119077528691, 0.31189345875481994]",80.73482590491858,2.8885679326153277
"[-0.010984994103263654, 4.09290245440835, -0.29838773301627824, -0.010984994103260553]",98.61854756216427,2.910570082265281
"[0.5455356315173298, 17.039716952179393, -0.0713097371851528, 0.5455356315173905]",74.35522660509541,2.923142739208112
"[-0.047005875724033565, -0.13868640378913671, 2.4615673392016655, -0.04700587572406259]",55.03273054347191,2.929429067679527
"[-1.0211097754717942, -0.20829025810144208, 0.8024570653754867, -1.0211097754717795]",84.62253647048426,2.9325722319152345
"[0.5088080059983485, 0.427440526612374, 0.12754811605591343, 0.5088080059983633]",85.06511560070787,2.9357153961509423
"[0.2780399858233785, 4.644370176545129, -0.25851106609332986, 0.2780399858234106]",80.41787163394329,2.93885856038665
"[0.28801902448550454, 14.28289188260746, -0.09191235879397147, 0.28801902448569117]",79.69807968242449,2.9451448888580654
"[0.091284136558326, 5.678538824545619, -0.2227687589322263, 0.09128413655837228]",76.2375406810208,2.9482880530937727
"[0.33070875389743076, 17.80482103438234, -0.07368170888754871, 0.3307087538974705]",89.36543720278976,2.9514312173294805
"[0.2805082660141991, 15.03852862846325, -0.08764404570586812, 0.2805082660142095]",89.9481730356024,2.954574381565188
"[-0.0955388727848325, -0.9095437057701097, 1.1491438935032392, -0.09553887278483053]",90.3470170645157,2.9577175458008957
"[0.9748815658726062, 7.4545603571721255, -0.10973057537927816, 0.9748815658730098]",90.28989612933817,2.960860710036603
"[0.4118082426340725, 6.2941457854021445, -0.1898604222322727, 0.41180824263411]",90.64461424485843,2.964003874272311
"[0.796138582499526, 16.735064327385317, -0.06246539057474318, 0.7961385824995353]",91.1242882019201,2.9671470385080188
"[0.13831624060458894, 10.921886402835272, -0.12143663112160241, 0.13831624060466857]",89.53112531947178,2.970290202743726
"[0.3060861071327759, 1.8384326155105164, -0.5412269234912691, 0.3060861071327838]",80.28041340850959,2.973433366979434
"[-0.25882092355067665, 0.025702967436324636, 4.720953774938799, -0.2588209235504462]",54.211906055686924,2.9765765312151413
"[0.08240168878213479, 13.534805700773404, -0.09957383088295528, 0.08240168878224267]",91.29449493333175,2.979719695450849
"[0.2927532800545227, 5.35989164431386, -0.2270854639883082, 0.29275328005461143]",59.351953520166084,2.9860060239222643
"[0.8111696908692574, 38.16156298285932, -0.02791275624282197, 0.8111696908701126]",91.63890024915285,2.989149188157972
"[0.38585768989661445, 22.6029436925819, -0.05764690941972464, 0.38585768989671676]",80.89706972719564,2.99229235239368
"[0.25922493835501853, -0.06206373789913435, 1.253133097228261, 0.25922493835502675]",54.60826489655016,2.9954355166293873
"[1.0107785274332706, 6.960072916532238, -0.11111578198251648, 1.010778527433321]",79.95329530734108,3.008008173572218
"[0.39180846095803956, 22.906607557511094, -0.05680518103407601, 0.39180846095832866]",81.35817189087385,3.0111513378079255
"[0.8125082743172708, 38.5512021119341, -0.02760909778018605, 0.8125082743178477]",80.73178331570618,3.0142945020436334
"[0.5530699533483104, 2.6879919294704755, -0.3615045230515487, 0.5530699533483174]",91.30748100923745,3.017437666279341
"[0.9065211247946683, 0.3944166182310608, 0.29728872694786107, 0.9065211247946781]",52.217946640107264,3.0237239947507564
"[0.0420825646319523, 10.543375211285055, -0.12636572046957484, 0.04208256463207662]",95.84415200108022,3.0394398159292946
"[0.806913157498134, 27.635883605517414, -0.03832025675871109, 0.8069131574981813]",91.48606119983454,3.070871458286371
"[0.2869380878405341, 16.59893515703971, -0.07963073711269276, 0.2869380878406657]",98.79035126333432,3.074014622522079
"[0.04266998468353323, 6.141251445883718, -0.2081440196657104, 0.042669984683547005]",96.40615467060219,3.077157786757786
"[0.9319110185134036, 0.5502582070640645, 0.00600245681983298, 0.9319110185134045]",85.46877598136504,3.086587279464909
"[0.44759137608706084, 21.38196891916991, -0.05962306279274479, 0.4475913760872395]",83.21579989933738,3.0928736079363244
"[0.950483432218861, -0.4923001059796519, 1.093449372103295, 0.9504834322188618]",85.9409088371548,3.1023031006434474
"[0.9245606430260201, 54.766380776044315, -0.01779368680923082, 0.9245606430288521]",97.93096948097032,3.1180189218219856
"[1.164563917536916, -0.3959400660852021, 1.132326364684463, 1.1645639175369222]",81.76345771591332,3.1305915787648164
"[0.7898221247476046, 0.05252327566517817, 2.569947005822126, 0.789822124748125]",54.77016780567967,3.133734743000524
"[0.8902866945664409, 24.678337806697105, -0.03987302608278916, 0.8902866945671679]",97.06151163423344,3.1525937284147703
"[-0.3621760304808731, 4.0693577501513145, -0.28277206094147483, -0.36217603048084585]",90.7696787566353,3.1557368926504776
"[0.11815526189669417, 3.6840727193888627, -0.3246373095384474, 0.11815526189672507]",88.57349454006246,3.158880056886185
"[-0.3203202813979396, 2.6444500434457274, -0.4085131955943592, -0.3203202813979226]",76.31439272705873,3.1714527138290163
"[0.8794647844632368, 30.07928563409939, -0.033265278005228334, 0.879464784463459]",84.00448213731332,3.1745958780647237
"[0.17738532964746487, 1.0281975118264695, -0.8226218832215358, 0.17738532964746542]",96.16160860211923,3.1808822065361384
"[-0.21385121951778582, 1.922592640762329, -0.5375602441893574, -0.21385121951778485]",67.4052924089527,3.1840253707718467
"[0.9034051588035912, 42.53692047832763, -0.023243267783572875, 0.903405158804259]",96.11011973731853,3.187168535007554
"[0.9324058350186902, 49.49436283957152, -0.019503226917171157, 0.9324058350191925]",94.20221088863752,3.1903116992432614
"[0.48017427251119515, 0.3802808598309963, 0.24694053082525583, 0.48017427251121214]",82.05183677460901,3.1934548634789692
"[-0.1280687179029743, 0.02555945366008633, 4.283440740265612, -0.12806871790251184]",88.95406709540694,3.1997411919503844
"[0.5193467533342696, -0.4571980970404724, 0.9686154804410587, 0.51934675333427]",94.39376441554002,3.2091706846575074
"[0.32175509857037565, 0.0007663875725432357, 1.079273853735679, 0.32175509857037726]",63.00157625341672,3.237459162778876
"[0.9734201639951051, 32.276448599011836, -0.028369388613791745, 0.9734201639954954]",94.70400544552305,3.2406023270145843
"[0.3223270418528893, 20.17746611284078, -0.06545174773853361, 0.3223270418530474]",96.0511723223929,3.2500318197217073
"[1.1664151277148762, 23.158122061332627, -0.030100478604265492, 1.1664151277153119]",81.68683822955383,3.2531749839574147
"[0.7535351088642142, -0.11097872183682883, 1.7637048825185, 0.7535351088641721]",60.81673815758059,3.256318148193122
"[1.2650058937382078, 8.544542842222718, -0.05921682952282469, 1.2650058937382764]",94.26163692826816,3.2594613124288294
"[0.19612899976564976, 0.6764230739503015, -0.3045649307980013, 0.196128999765658]",99.71124075430492,3.265747640900245
"[0.8670868988428454, 18.29180416249467, -0.05417467873985124, 0.8670868988449096]",70.71251799096879,3.2783202978430754
"[0.3736262248770956, 16.547690193847163, -0.07812905717114546, 0.3736262248772489]",93.18300596283778,3.3191814329072753
"[0.7725746977816801, 27.19359666277723, -0.039921400562882056, 0.7725746977816991]",94.11616742374068,3.322324597142983
"[0.9833947350872755, 0.0032067372564251115, 1.285151672597007, 0.9833947350872866]",79.6387395352909,3.3254677613786905
"[0.3497795702759175, 21.0561728232007, -0.062371035492810055, 0.3497795702760673]",94.20968547913687,3.3348972540858135
"[0.5175320329089408, 27.022882993288352, -0.04626285006210668, 0.5175320329092342]",94.10337626824435,3.338040418321521
"[0.521114716868744, 27.15873362531245, -0.045969246101108245, 0.521114716868869]",94.13119040704903,3.3411835825572287
"[0.3642610749078299, 21.55802398139176, -0.060725830332526126, 0.3642610749081341]",94.28496704872387,3.344326746792936
"[-0.5714234317673308, 2.832001378806311, -0.3432160293418607, -0.5714234317673207]",95.45905606497773,3.347469911028644
"[1.1265274797170477, 36.901352581684094, -0.020557353501752824, 1.1265274797172085]",92.88615514153491,3.3506130752643517
"[-0.1651661852146982, -0.08495316728045425, 3.962223828601479, -0.1651661852149579]",74.16374791362179,3.353756239500059
"[-0.022359357868923097, 6.9299352065695015, -0.1865957587718885, -0.02235935786884722]",94.69977302207074,3.3663288964428895
"[-0.3013210685321334, 0.9456139888830642, -0.624781166684468, -0.3013210685321281]",91.08552243860919,3.3694720606785977
"[-0.4367660750069354, 0.784006287175625, -0.34554407047721575, -0.4367660750069294]",99.92350838517787,3.4323353453927505
"[0.7934032739124655, -0.1220449439006535, 1.7577996336046398, 0.7934032739123548]",75.85074216621248,3.438621673864166
"[1.0294708802744215, 20.86712065265449, -0.0404011489863613, 1.0294708802745007]",92.29998270907784,3.460623823514119
"[0.23898559899889713, 8.891397564838769, -0.14504443426721017, 0.23898559899904398]",88.74810091187167,3.463766987749827
"[0.3968826700418196, -0.23441961911899123, 1.0860716681864748, 0.3968826700418221]",83.53338831964128,3.470053316221242
"[0.9615261032886424, -0.5976495981286339, 1.1568371835803306, 0.961526103288649]",82.74856912269395,3.4763396446926578
"[0.580905444542846, 25.533321607464394, -0.04751648773779112, 0.5809054445433772]",95.61079405668103,3.479482808928365
"[0.7814716111902579, 11.462208577383706, -0.09000998542627829, 0.7814716111902589]",70.57888831810695,3.485769137399781
"[-0.185984658307187, -0.09853127987836459, 3.7978078598919405, -0.18598465830816638]",72.65665925631343,3.488912301635488
"[0.6842696203912667, 10.469594493948952, -0.10469610465338669, 0.6842696203913112]",70.08818321591443,3.495198630106903
"[0.9164142587684643, 19.143546599417068, -0.04958097684237559, 0.9164142587693845]",80.50900612962906,3.5014849585783185
"[-0.1880408288674242, -0.23667149105286123, 2.333547298808856, -0.18804082886758935]",92.90094068920155,3.514057615521149
"[0.49007476959545254, 1.0890241713087925, -0.6642323810391054, 0.49007476959547097]",88.65609357752103,3.517200779756857
"[0.3916511870064371, 0.5514579870999543, -0.12876810790628276, 0.39165118700645357]",93.33488341348679,3.52663027246398
"[0.22714095993786224, 6.147546508328175, -0.20378107907655543, 0.22714095993794076]",84.56121459501956,3.5549187505853492
"[0.47584826620819687, 21.99013842258805, -0.05743377950202341, 0.47584826620855636]",99.94583128785341,3.561205079056764
"[0.8826487305844634, 0.07822493646180036, 1.6347277435197964, 0.8826487305844958]",74.72284612263559,3.5674914075281796
"[0.7240349146024295, 16.25084288341899, -0.06760981728927848, 0.7240349146025201]",80.91907759656561,3.58006406447101
"[0.553986541509152, 17.01370235256709, -0.07113978160539808, 0.553986541509209]",82.94078103982089,3.5832072287067174
"[0.3950802771868649, 14.133437319054748, -0.09023485488514449, 0.3950802771870612]",83.13373909373992,3.586350392942425
"[-0.2002047577419779, 0.0029814452536493334, 23.083624381139796, -0.20020475647601033]",65.48554381600628,3.5894935571781326
"[0.3465870352791383, 0.37825797088140967, 0.3342680968378908, 0.3465870352792257]",68.72980228314249,3.595779885649548
"[1.0404271213746394, 20.880212337887365, -0.039833161686999824, 1.0404271213751792]",80.85604229224323,3.5989230498852556
"[0.6001131053694305, 14.042208198032373, -0.08348378791556882, 0.6001131053696035]",85.53152939069543,3.605209378356671
"[1.0222511831207548, 0.5656674434761314, 0.04353510875940699, 1.022251183120781]",67.07317274835034,3.6146388710637942
"[0.2645466882418987, 1.4209371432715596, -0.6575621856727336, 0.2645466882419059]",97.7403395738508,3.6177820352995016
"[0.5082902294211614, 0.22536124878482652, 0.6154087486185525, 0.5082902294211755]",89.52259407291392,4.38157094457646
"[0.6871914468303234, 5.32475128864869, -0.19087264531748668, 0.6871914468308924]",95.05560684049802,4.384714108812168
"[0.565154008145425, 4.867280835061196, -0.22221407462492485, 0.5651540081455848]",80.68953576479656,4.397286765754998
"[0.5491176978217348, 17.329037579824274, -0.07005735681718002, 0.5491176978219471]",92.47883178490724,4.406716258462121
"[-0.05306170681199007, 6.6568387681637855, -0.19338652383305177, -0.05306170681196814]",90.97806586369994,4.4161457511692435
"[0.5342807798108555, 20.1674795572501, -0.06096810085186181, 0.5342807798108666]",96.01732835823053,4.419288915404952
"[0.8550777853250263, 17.921103743478962, -0.05581440236467061, 0.8550777853254172]",78.72139872614693,4.4444342292906125
"[0.327096314824029, 4.143202506687552, -0.2815801873237912, 0.32709631482403234]",75.50742697358497,4.44757739352632
"[-0.1476733190550974, 4.6619435991742595, -0.2638997268829573, -0.14767331905506365]",79.50831416007458,4.450720557762028
"[-0.22910824312297412, 4.195351214192327, -0.2854373809041679, -0.2291082431229415]",89.52086515888284,4.457006886233443
"[0.7127901900606919, 5.024558035906727, -0.19680925594385318, 0.7127901900607123]",99.97643368864462,4.4632932147048585
"[-0.4395344691284301, 2.4356979855555014, -0.4143323879624356, -0.43953446912841826]",92.70968093326633,4.469579543176274
"[1.123206882820379, 22.65033553846872, -0.03292033265430477, 1.1232068828204456]",93.44239559819651,4.475865871647689
"[1.1669332774453132, 0.07211394970946093, 0.8027953187981407, 1.1669332774453178]",67.5254216098418,4.485295364354812
"[-0.031882668405462083, 1.4765418795329668, -0.6679189673724403, -0.03188266840546077]",70.51717780603622,4.494724857061935
"[0.8006687641220558, -0.008658058353060325, 6.75124985059431, 0.8006687641100902]",76.15068259452572,4.497868021297642
"[0.7952278248074511, 0.025222044739097914, 3.845546828694813, 0.7952278248075063]",67.305771748081,4.501011185533351
"[0.32538891448164453, -0.8198550931683065, 0.8782482102639794, 0.32538891448164486]",73.53397229154956,4.504154349769058
"[1.1567222168442286, 38.0583152406306, -0.01904751599395774, 1.1567222168446363]",98.05224117565695,4.507297514004765
"[0.2189304811239355, 10.590776679390263, -0.12363045806957461, 0.21893048112395405]",92.45972015788824,4.532442827890427
"[1.1222576783812095, 29.908669979949764, -0.025316427694814774, 1.1222576783813731]",92.47940528578859,4.545015484833257
"[-0.03674203276604635, 4.342630421574745, -0.28326894801926067, -0.036742032766026805]",82.81976213392984,4.576447127190334
"[0.7518112273227996, 5.175626536389247, -0.18627238734772633, 0.7518112273228529]",93.32957789045894,4.579590291426042
"[0.7878034252552714, 21.897803836243646, -0.04864581547147816, 0.7878034252555249]",99.7511919721933,4.582733455661749
"[0.18809816686701636, 11.986823294833183, -0.11054230294126466, 0.1880981668671379]",99.49252558906316,4.585876619897457
"[-0.7054576607169643, 0.5246644342571312, 0.09180727838053375, -0.705457660716961]",92.39853766821399,4.592162948368872
"[0.37225992328270546, 5.323129034495737, -0.2233216252408343, 0.3722599232837139]",91.83347094472867,4.607878769547411
"[0.9623597353380785, 0.21368562327436671, 0.7742935583836457, 0.9623597353380992]",73.81023546010074,4.614165098018826
"[0.1848046698738135, 9.97855986360869, -0.1314260479214597, 0.1848046698738399]",93.08396535192495,4.617308262254534
"[-0.5452829996500831, 0.4503238475920792, 0.42240746280251223, -0.5452829996500425]",69.77421330452044,4.623594590725949
"[-0.15804048565661102, -0.13064378877163374, 3.176317769955227, -0.15804048565684609]",80.06062884039457,4.626737754961656
"[0.9396923113073856, 0.5800170650976164, -0.031307149230224325, 0.9396923113074014]",79.71462225472317,4.64873990461161
"[-0.4905357249795552, 2.565607848588406, -0.3880122356515504, -0.490535724979546]",90.29214559333072,4.66131256155444
"[0.5617458620547825, 0.5641369552803983, -0.1967936151701273, 0.5617458620547991]",83.33415893226363,4.664455725790148
"[0.42837237429632197, 0.08010024199228334, 0.8831879763896031, 0.4283723742963366]",69.3067383814753,4.667598890025856
"[0.25084988309198697, 6.274639125682834, -0.19912541947076465, 0.2508498830920305]",81.40311376911725,4.680171546968686
"[0.6419613781198604, 10.122329340890794, -0.11080099218280964, 0.6419613781199468]",81.47773178489042,4.683314711204393
"[-0.2382337910975407, -0.17321815421993267, 2.751313259407225, -0.23823379109771892]",96.76910241969493,4.705316860854348
"[0.8213656860226569, 11.758792783826964, -0.08517190816145254, 0.8213656860227462]",79.86447230434402,5.135930361146295
"[-0.09802371209339689, 2.1713519430577706, -0.5008229012162845, -0.09802371209337638]",79.38403254677218,5.139073525382003
"[0.8188931840120582, 3.1014434208498898, -0.26091088951255664, 0.8188931840120839]",89.84619952777062,5.142216689617711
"[1.107001771739461, 7.691378160171006, -0.08876012593739917, 1.1070017717401504]",78.39837249893124,5.148503018089126
"[0.8406849744825519, 12.013408276722869, -0.08215883760130495, 0.840684974482583]",78.56772699521616,5.157932510796249
"[0.8762436799991166, -0.05513049128613895, 1.970047387722771, 0.8762436799991042]",97.59562287991959,5.170505167739079
"[0.8963287946684287, 12.68606775906487, -0.07429133755128783, 0.896328794668994]",78.18699505756221,5.173648331974786
"[0.020434970648927468, 0.7414379734211269, -0.3535810993230638, 0.02043497064894581]",69.32103534753935,5.176791496210495
"[-0.1513042599428185, 1.3908307699160334, -0.6806391335628323, -0.15130425994281768]",86.20366698828163,5.179934660446202
"[0.14505529667615935, 0.7023247718562933, -0.3341815540147879, 0.1450552966761688]",82.34636358729837,5.205079974331863
"[0.10303745651405158, 7.991281565494326, -0.1630545994814918, 0.10303745651429706]",92.52703783961263,5.208223138567571
"[-0.5267616172116443, 2.1766912419282813, -0.42760812732973347, -0.5267616172116087]",92.91237826176118,5.211366302803278
"[0.06756420341338738, 1.3928397824501282, -0.6950898057292887, 0.06756420341338948]",73.46136096786023,5.214509467038986
"[-0.33400175760667034, -0.3176273582618414, 1.851682234677484, -0.33400175760670153]",76.6253467677231,5.217652631274694
"[-0.1900085256505068, 1.9753146452342725, -0.5299797207138557, -0.19000852565050436]",78.0294418701901,5.220795795510401
"[-0.10548677737565414, -0.19145474994423262, 2.457216888895883, -0.10548677737570919]",76.48314790112708,5.23651161668894
"[1.1706297847730525, 0.08623709509533169, 0.7821053314043052, 1.170629784773066]",66.86470077845463,5.239654780924647
"[0.875928970281758, 18.089022106795717, -0.054322763766479834, 0.8759289702817925]",97.07948912788798,5.264800094810308
"[0.2508986387551092, 6.656758709488634, -0.18875435954211142, 0.250898638755133]",96.19116728251412,5.271086423281724
"[0.8530792921183634, 23.620744208151944, -0.042960060733022644, 0.8530792921187395]",81.61724800202684,5.318233886817339
"[1.1827085233352732, 0.36544389258774745, 0.3875454128950577, 1.1827085233352896]",69.31309322533917,5.327663379524462
"[-0.1927808596949597, 4.599107507282318, -0.26530286316770735, -0.19278085969491832]",88.71066653374672,5.330806543760169
"[-0.06485161266905169, 4.656828438813885, -0.2661399916559291, -0.06485161266903587]",85.19273675376286,5.333949707995877
"[0.9809043327809679, 0.3488155784816605, 0.4003283529212562, 0.9809043327809764]",93.09334000687903,5.355951857645831
"[0.4150903891123454, 14.262889886179233, -0.08888418569559763, 0.4150903891124289]",81.06695035483442,5.362238186117246
"[0.44439246092207874, 14.810214106891529, -0.08490057573656268, 0.4443924609221671]",81.49721661639768,5.368524514588661
"[0.06784546428929993, 1.6221878455653733, -0.6251963013185255, 0.0678454642893052]",72.17711848766065,5.371667678824369
"[-0.34068403602713304, 0.7473192506232524, -0.26575685527916165, -0.34068403602711295]",90.08076674092031,5.377954007295784
"[0.790260632018638, -0.11695316902236144, 1.7936012307450524, 0.7902606320185244]",74.77313205320445,5.384240335767199
"[0.7510288535257832, 30.941872926315302, -0.03575447977868222, 0.7510288535258561]",93.64806490753539,5.390526664238615
"[0.532292824330889, 27.412692616837326, -0.0453399946132833, 0.532292824331089]",98.90508431092285,5.393669828474322
"[0.9399310254858596, 31.754793872837904, -0.029829660104582205, 0.9399310254860944]",90.70506507949294,5.3968129927100295
"[0.6516596540733642, 10.277798496514986, -0.108636256802222, 0.6516596540734294]",81.17890831264155,5.4628194416598905
"[0.7890442142709073, 11.087727738883869, -0.0922693095613816, 0.7890442142709555]",92.24795611746295,5.4722489343670135
"[0.24577103333094086, 7.400827149506053, -0.1715572045567828, 0.2457710333309967]",88.19022685964315,5.475392098602721
"[0.7997004620712477, -0.005002277725699987, 8.905597867008323, 0.7997004619969018]",73.65787311329255,5.497394248252674
"[0.08889685300187722, 13.056171848858288, -0.10300100438769232, 0.08889685300203115]",92.35159780806647,5.500537412488382
"[0.47643403703455073, 25.52483837576229, -0.049699606916669796, 0.4764340370348288]",91.93361750944243,5.50368057672409
"[0.6685075098743346, 23.86964940521117, -0.04842339040581332, 0.6685075098745537]",79.21315483481074,5.506823740959797
"[0.7424011694473125, 35.67508723857667, -0.031307208219456574, 0.7424011694475957]",91.73479037988439,5.509966905195505
"[0.7732276033206079, 36.903083933074015, -0.02965629692864722, 0.7732276033207264]",91.69634408977745,5.513110069431213
"[0.7547929382742895, 36.16241680995221, -0.030638656476125806, 0.7547929382767546]",91.66964704428442,5.51625323366692
"[0.6831245198392492, 33.32771265085687, -0.034724157074296984, 0.6831245198401263]",91.66306493596764,5.519396397902628
"[0.7879084666720557, 11.931961648307897, -0.08630133387996004, 0.7879084666725574]",78.98464618549231,5.535112219081166
"[-0.19942305652570658, -0.10198368485874841, 3.748470549460652, -0.1994230565265492]",90.23240774315698,5.538255383316874
"[-0.18321222589841113, -0.09820128119284458, 3.795241417427098, -0.1832122258992084]",75.63945139042623,5.541398547552582
"[-0.2660158403138055, 3.7181208853389975, -0.3138795363991755, -0.266015840313783]",77.72363037947645,5.544541711788289
"[0.7997116124342027, 1.177878096622512, -0.42809657425190556, 0.7997116124342124]",98.35594078114332,5.547684876023997
"[0.0718439428105805, 4.164764777191956, -0.2932798551834192, 0.07184394281062614]",78.55403341495261,5.550828040259705
"[0.20712263500588327, 4.606289057992424, -0.26429316064354397, 0.20712263500595676]",83.10253201534795,5.563400697202535
"[0.8384514106497835, 5.91839334205593, -0.15434608140918984, 0.8384514106498301]",81.24735550009227,5.56968702567395
"[0.6028691466561171, 6.549304165492955, -0.1680527731979555, 0.602869146656194]",99.9711673372811,5.575973354145366
"[0.5620295584209075, 24.936991319502035, -0.04905077063141778, 0.5620295584212228]",91.69842459888615,5.607404996502442
"[0.9632428467285039, 26.040354376044217, -0.0352657361715738, 0.9632428467296964]",94.8606224694127,5.613691324973858
"[0.24775788007668947, 10.962350807884842, -0.11906744843064272, 0.24775788007673213]",78.74934682023863,5.616834489209565
"[0.8771170396711567, 40.94909143829639, -0.024694661699599357, 0.8771170396714008]",97.52438665826753,5.6199776534452734
"[-0.07926374314222241, 8.266198858266023, -0.15830249785375555, -0.07926374314206738]",89.39693713099366,5.645122967330934
"[-0.31324198451416735, -0.09125088622724521, 3.0283006310965206, -0.3132419845143195]",77.3906540039156,5.651409295802349
"[0.6098687549849878, 26.935874606104626, -0.044472561707891205, 0.6098687549851347]",92.5159981062339,5.654552460038057
"[0.40873651749925705, 11.282529519080143, -0.11115646810177399, 0.4087365174993065]",68.39921163244877,5.673411445452302
"[0.5708717181147679, 29.079323959829633, -0.04207660201002447, 0.5708717181148698]",93.09442138938579,5.679697773923718
"[-0.22961866847047377, 0.7516522227036916, -0.28423838289324654, -0.22961866847045684]",89.91993155873008,5.682840938159425
"[0.5177091023553584, 19.853527883941677, -0.062336023094174346, 0.5177091023554875]",94.26572550040297,5.685984102395133
"[0.31835318001925006, 15.244105482204088, -0.0857670099725406, 0.3183531800193457]",88.94053754235338,5.692270430866548
"[-0.009053642260737337, 7.3236102226784086, -0.17742008112784208, -0.009053642260667656]",78.56594910601547,5.695413595102256
"[0.31122256449957186, 6.982163343418952, -0.17825586547500802, 0.3112225644996479]",68.1768202625037,5.698556759337964
"[0.8001317782669988, 0.009006267500446983, 6.609813730263156, 0.800131778283505]",57.51662789090137,5.704843087809379
"[0.5261740571667801, 12.89519109233854, -0.09371829577690417, 0.5261740571668386]",75.11854591623748,5.707986252045087
"[0.9020911081610771, 36.39515893141775, -0.027091974414410774, 0.9020911081620127]",89.96799164972032,5.711129416280794
"[0.8999794874386442, 1.795246545003978, -0.32036472722265874, 0.899979487438739]",89.50017003649617,5.717415744752209
"[0.862494721024461, 17.605654489979624, -0.056398042979131126, 0.8624947210249801]",99.55822669760666,5.726845237459332
"[0.28480565441533184, 10.224790218731387, -0.12613549918642797, 0.28480565441540506]",76.71083735260696,5.799138014880609
"[-0.1333902896988692, 5.74164934609476, -0.21971664980468833, -0.13339028969883215]",78.54666876236233,5.805424343352024
"[1.19464107589559, 31.327678583043912, -0.021538570830897368, 1.1946410758957025]",99.87699802651501,5.814853836059147
"[0.7576943200412364, 0.37311442073589485, 0.330629209192302, 0.7576943200412427]",55.50867062389034,5.817997000294855
"[1.0277079105806999, 0.07639714598877163, 1.0136253838890505, 1.0277079105807179]",97.05663514136008,5.827426493001978
"[0.09535678733777758, 6.02755996637038, -0.2110649470442109, 0.09535678733781822]",91.32450975286743,5.830569657237685
"[0.41087864493730386, 26.14014108369598, -0.0496775114358561, 0.41087864493747445]",91.1840285786898,5.833712821473393
"[0.7883173699976659, 32.402027735892474, -0.03329981448065084, 0.7883173699977161]",78.39566252666364,5.836855985709101
"[0.9297735011145769, 49.393765033904444, -0.01959177064448979, 0.9297735011147894]",91.01413689029035,5.839999149944808
"[0.7622940655642605, 41.84876103396302, -0.026426410552786446, 0.7622940655658139]",91.2552925465716,5.843142314180516
"[0.16643154196128976, 6.7279177289776095, -0.1896280899388063, 0.16643154196129997]",91.84653461224238,5.846285478416224
"[-0.1837076686012253, -0.05632141958597788, 5.045550234561537, -0.1837076686020172]",75.02933479070307,5.849428642651931
"[0.4894190780097636, 12.16230457551623, -0.10057150862195426, 0.48941907800981443]",67.88576854858304,5.855714971123347
"[1.0552547508098884, 28.295926633920107, -0.029273983129852674, 1.055254750809909]",78.07413648459024,5.858858135359054
"[0.6578417841239698, 7.117917843884787, -0.15107744190318567, 0.6578417841239739]",84.78854138060866,5.868287628066177
"[0.4771821370770579, 7.877552480841782, -0.15119286350185387, 0.47718213707713036]",84.71308442217511,5.871430792301885
"[0.5611060675016435, -0.8999209962857444, 1.1679212477837586, 0.5611060675016684]",84.1722638544935,5.874573956537592
"[0.32290735062052717, 0.8969337187927442, -0.8371655228918495, 0.3229073506205275]",70.946968493378,5.8777171207733
"[1.3738332985916188, 0.22656448786187408, 0.641400157290944, 1.373833298591634]",60.376719019281325,5.880860285009008
"[-0.652185243253761, -0.22847068261413062, 1.261809888581433, -0.6521852432537512]",82.95590153216231,5.884003449244715
"[-0.49344256856454793, 3.2538725888753666, -0.3221252181559331, -0.4934425685645142]",99.34957489576142,5.890289777716131
"[0.9094411766713306, 42.810689941203734, -0.022970193299837988, 0.9094411766716566]",96.81011606889692,5.893432941951838
"[0.9714873093777451, 6.427736424686342, -0.12482610035017899, 0.9714873093777647]",82.33136854915905,5.8965761061875455
"[0.40829717387265435, 9.080431793796897, -0.13611700637045127, 0.40829717387276054]",96.2040511265262,5.902862434658961
"[0.22716059980249945, 13.698522322653272, -0.09679321685392872, 0.22716059980259967]",97.11877028072824,5.9060055988946685
"[0.7668170331315759, 0.5972078665632695, -0.1713212606520842, 0.7668170331315882]",65.37683469168533,5.909148763130376
"[-0.4498461355933562, 1.099976110408545, -0.6193478972688093, -0.4498461355933522]",89.20505781113998,5.918578255837499
"[0.5123142885802433, 20.035958922371012, -0.0619286850609901, 0.5123142885802558]",80.26946364337456,5.9342940770160375
"[1.0087742266629645, 13.48822437853459, -0.06221891259414868, 1.0087742266631041]",91.31661827046194,5.937437241251745
"[0.7040446305451998, 20.01576762370457, -0.05614658546451856, 0.7040446305454511]",91.2182817373168,5.940580405487452
"[0.7703166928811402, 0.013709836071043516, 3.397462782587544, 0.7703166928814527]",72.8931403106266,5.975155212080237
"[0.04209389051230433, 3.4992574404277215, -0.34102319346728266, 0.042093890512340096]",98.59068576021052,5.978298376315944
"[0.9030141228108928, 36.02536101450897, -0.027339314292728876, 0.9030141228109358]",99.52510014047938,5.981441540551652
"[0.46518487369968864, 24.951430336910295, -0.051020614742091866, 0.46518487370002326]",95.45063249760649,5.98458470478736
"[0.38546261510239077, 10.772605761204433, -0.11694876145506926, 0.38546261510246005]",68.71500353097454,5.987727869023067
"[1.0027095119208533, 20.57782254890649, -0.04226154307289341, 1.0027095119222018]",99.95687457550491,5.990871033258775
"[1.0169684290636616, 27.35233829529541, -0.031692317853402485, 1.0169684290638366]",94.41811853077041,5.994014197494483
"[0.5312329169307649, 6.299943765056408, -0.18053107833817758, 0.5312329169307687]",91.78446634311197,5.99715736173019
"[0.7669473287808964, 10.905391342572813, -0.09527614668326262, 0.7669473287810918]",82.89928489224108,6.000300525965898
"[0.09057326655442931, 10.982003501160847, -0.1213132000842556, 0.09057326655449127]",86.8183218643646,6.003443690201606
"[1.028104866065709, 0.5431744016440029, 0.0752863149044612, 1.0281048660657115]",54.55337427598322,6.006586854437313
"[0.41097985664388287, 15.419335711760661, -0.08263346220382259, 0.4109798566441272]",97.7756992156478,6.009730018673021
"[-0.07297305996774354, 10.4844776157357, -0.12686151112101032, -0.07297305996769277]",99.22801641520124,6.012873182908729
"[-0.26887054888726714, -0.03667234154067461, 4.292691781322608, -0.2688705488876251]",74.5402772395748,6.016016347144436
"[-0.6805091654219877, 0.08106882466431699, 1.0065142369315612, -0.6805091654219775]",81.05724637007908,6.022302675615851
"[0.8877372282916776, 41.48222287746388, -0.0241586149938874, 0.8877372282921047]",98.5464283698409,6.025445839851559
"[0.1284576511786649, 13.240898486790476, -0.10130696660901063, 0.12845765117874072]",98.34839646378337,6.028589004087267
"[0.20727029134554817, 1.5430051842060462, -0.6328288837237284, 0.2072702913455642]",72.55113291074936,6.031732168322974
"[0.6373096835457436, 7.051876400968609, -0.15425803489699838, 0.6373096835457628]",88.68522393230873,6.034875332558682
"[-0.3401991309352222, 3.4014405857557883, -0.3310948475162852, -0.3401991309352046]",99.0850940656696,6.03801849679439
"[0.5942174187887584, 5.368312926520695, -0.20099537680941743, 0.5942174187888095]",78.5678710507818,6.041161661030097
"[0.7737223148081566, 5.337668405691129, -0.17829071693543533, 0.773722314808212]",98.34150629716619,6.044304825265805
"[1.071913510660282, 0.17543449823099722, 0.7312270925454164, 1.0719135106602855]",94.53970399596196,6.047447989501513
"[-0.16535968697432554, 9.040401536111053, -0.14449340644787034, -0.1653596869742337]",99.77011048994888,6.05059115373722
"[0.06746453185230174, 16.25628640705285, -0.08364313896260687, 0.06746453185251791]",99.44208212413294,6.053734317972928
"[0.20037785213630668, 21.701092188356778, -0.06247635614860708, 0.2003778521365814]",99.26780019859582,6.056877482208636
"[0.30108487913103055, 26.341624794808865, -0.05079444112733761, 0.3010848791310791]",99.14605899959332,6.060020646444343
"[0.3855825998079205, 30.509156781949027, -0.04306309224456231, 0.3855825998081866]",99.05232324422035,6.063163810680051
"[0.46033745489670835, 34.366242770412434, -0.03741027918517316, 0.4603374548967556]",98.97662684056527,6.066306974915759
"[0.5286457668937093, 38.00704119912014, -0.03300716420981946, 0.5286457668952208]",98.91391113341699,6.069450139151466
"[0.5924231698668482, 41.491430421053096, -0.029424208491456876, 0.5924231698670636]",98.86127260791275,6.072593303387174
"[0.6528727723511409, 44.859407110867046, -0.026414500069005923, 0.6528727723525091]",98.81692394361512,6.075736467622882
"[0.7107783944078823, 48.137873059863736, -0.02382552674028774, 0.7107783944083376]",98.77972997042134,6.078879631858589
"[0.7666440055414504, 51.34384872825157, -0.02155831952699009, 0.7666440055426891]",98.74897725408304,6.082022796094297
"[0.8207596204132266, 54.48572578605862, -0.01954671594907676, 0.8207596204143112]",98.7242520664004,6.085165960330005
"[0.8732240805929613, 57.56310639620391, -0.017746219063756702, 0.8732240805943409]",98.70537556167517,6.088309124565712
"[0.9239362447876954, 60.56534536786772, -0.0161279052416253, 0.9239362447877771]",98.69237258259452,6.09145228880142
"[0.9725585225360674, 63.468746103237784, -0.014675238987248464, 0.9725585225362939]",98.68546259555694,6.094595453037128
"[1.018446125573767, 66.23186232017507, -0.013382937633741746, 1.018446125574576]",98.68506899403177,6.097738617272835
"[1.060533481507134, 68.78829771752649, -0.012257522504894714, 1.0605334815096306]",98.69184582125712,6.1008817815085425
"[1.097159515095238, 71.03584927627963, -0.011319764297378115, 1.0971595150954456]",98.70672548259923,6.104024945744251
"[1.1258059495452843, 72.82042289583711, -0.010609746155278547, 1.1258059495457386]",98.73099690573675,6.107168109979958
"[1.1427087383400512, 73.91239407797308, -0.010196295834494832, 1.1427087383412735]",98.7664365802513,6.1103112742156656
"[1.1422799159977448, 73.97197634943441, -0.010194853206700218, 1.142279915998201]",98.81554968140398,6.113454438451374
"[1.1162181941507747, 72.49745271463078, -0.010804449902892624, 1.116218194150867]",98.88208065929418,6.116597602687081
"[1.051975296294347, 68.74040437497348, -0.012397443808995934, 1.051975296294572]",98.97229969436434,6.119740766922789
"[0.9292805930034044, 61.5274392070439, -0.015799339244485493, 0.9292805930082204]",99.09899975359608,6.122883931158497
"[0.7076047041923901, 48.67108885710996, -0.023615321667733457, 0.7076047041926073]",99.29855489689515,6.126027095394204
"[0.2131449273939763, 22.671163794437522, -0.05976625421498841, 0.21314492739407262]",99.79962105402579,6.129170259629912
"[0.11321899290282869, 13.038267056728527, -0.10294552479671808, 0.1132189929028914]",87.92904273409715,6.135456588101327
"[-0.9385850874821344, 1.1854558259254575, -0.3012152631566368, -0.9385850874821339]",88.85907089764645,6.138599752337035
"[0.5036692434312898, 21.250108026764426, -0.058721853412359644, 0.5036692434313385]",99.81540070634124,6.154315573515572
"[-0.3676868481102446, 2.7131860045809524, -0.3935781221113933, -0.36768684811022806]",76.35444887144766,6.157458737751281
"[0.7766070987044211, 32.34119101328482, -0.03364432769976526, 0.776607098706047]",79.12780252795393,6.160601901986988
"[0.7781912955563915, 0.04730153913218412, 2.6137211776702074, 0.7781912955566062]",50.165691175608025,6.163745066222695
"[0.545553911712621, 24.655772720363938, -0.0499635708332652, 0.5455539117126429]",78.79742924471832,6.166888230458403
"[0.2435588851248001, 19.785767328883043, -0.06783223968569306, 0.24355888512495097]",91.37992185434369,6.170031394694111
"[0.5286086964386429, 24.13762195379925, -0.05138007764946122, 0.5286086964386525]",78.72686887826669,6.173174558929818
"[-0.16345075063542933, 2.0139054179602383, -0.5252657651236751, -0.16345075063541617]",77.52143942682684,6.176317723165526
"[-1.1232220730891425, 0.780692798332517, -0.04098620658912214, -1.1232220730891367]",80.37277616114964,6.179460887401234
"[0.9911313615430569, 0.08459005352290595, 1.0999496817448384, 0.9911313615431127]",89.23694040182724,6.182604051636941
"[0.8065451296232788, 0.6600978550664549, -0.23414660275459503, 0.8065451296232842]",68.39815827993729,6.185747215872649
"[0.8968150648994911, 36.285956052123915, -0.027302168518972377, 0.8968150648995499]",78.23814130226472,6.188890380108356
"[0.482584347003421, 19.318204631606434, -0.06490899988486001, 0.48258434700350045]",80.0635434405608,6.195176708579772
"[0.144906768209163, 5.653470178976948, -0.22249489132055883, 0.14490676820917414]",56.57478013714667,6.220322022465433
"[0.6105019738169741, 0.4787280103666035, 0.009657633453489573, 0.6105019738169785]",48.53203195794867,6.223465186701141
"[0.6828956895392204, 5.300707074923475, -0.19218185977043628, 0.6828956895396348]",69.86398000273853,6.229751515172556
"[-0.1601870298145652, 0.015693477729915178, 5.899586264785347, -0.16018702981448749]",74.81266692082833,6.232894679408264
"[-0.15890432870228705, 3.747140882989685, -0.3183367884052126, -0.1589043287022614]",87.92590659643417,6.236037843643971
"[1.0452478950733466, 41.44365292652516, -0.020505390801325886, 1.04524789507343]",90.4754699051768,6.239181007879679
"[0.4114542013888183, 17.12966724161402, -0.07471237760958115, 0.41145420138900785]",84.72558752145828,6.242324172115387
"[0.6563813062885413, 32.8252374155865, -0.035788505280062374, 0.6563813062887165]",89.30752502081155,6.245467336351094
"[0.7870256623120193, 37.224818332548054, -0.029116675257420784, 0.7870256623127185]",88.69567667156639,6.248610500586802
"[0.07966331856136909, -0.8288953431086742, 1.0448687354526975, 0.07966331856136913]",68.6200422712877,6.25175366482251
"[-0.4733121543682524, -0.14662265324672794, 1.8425794542826681, -0.4733121543682543]",62.54249462193573,6.258039993293925
"[0.12985135035224593, 14.923210145311103, -0.09037398123459814, 0.12985135035229878]",89.41385687700672,6.261183157529633
"[-0.5036055332763278, 0.858446429841319, -0.45348947771653964, -0.5036055332763189]",85.65684071676141,6.26432632176534
"[0.8175060367034386, 11.674555326464017, -0.08601127179009373, 0.8175060367035868]",69.39660360784411,6.267469486001048
"[-0.04048226307145421, 4.948463030911924, -0.252530545278896, -0.040482263071437846]",85.5076752860954,6.283185307179586
